[[1846.30678461]]
[[1989.16427805]]
[[2038.47491518]]
[[1612.98221207]]
[[1610.72865752]]
[[2044.21345082]]
[[2105.21836441]]
[[2124.08091804]]
[[1983.10878167]]
[[2014.03409505]]
[[1639.68383944]]
[[1382.94991291]]
[[1867.52866529]]
[[1431.78172663]]
[[2105.82246762]]
[[2422.72869374]]
[[1942.78178181]]
[[2096.71657858]]
[[2033.25172861]]
[[2020.40177713]]
[[1736.09048591]]
[[2139.28486042]]
[[1679.58044555]]
[[1539.32355307]]
[[2083.15956247]]
[[1741.44889223]]
[[2601.09520731]]
[[2183.69794593]]
[[2014.79563527]]
[[2082.19289491]]
[[1979.16416046]]
[[2105.21836441]]
[[2128.05409724]]
[[2033.24410681]]
[[2075.30253306]]
[[2026.77510612]]
[[1842.58264037]]
[[1964.65733679]]
[[1961.69721169]]
[[2591.67707982]]
[[2421.74215718]]
[[2080.60781978]]
[[1538.57933898]]
[[2000.89642493]]
[[1846.30678461]]
[[1991.10562515]]
[[2020.35899329]]
[[1894.76992083]]
[[2033.28174782]]
[[1571.12040633]]
[[1625.12924871]]
[[1384.86710917]]
[[2039.7915494]]
[[2107.68773169]]
[[2054.33986106]]
[[1678.81809508]]
[[1992.97673078]]
[[2026.76715808]]
[[2014.03441964]]
[[1952.79848126]]
[[2200.63632628]]
[[2117.41923091]]
[[2428.68620423]]
[[1743.33903533]]
[[1866.99355396]]
[[1616.34015311]]
[[1952.8445062]]
[[2087.09606711]]
[[2029.55503873]]
[[1808.17838546]]
[[2125.12248135]]
[[2094.47531285]]
[[1373.14321623]]
[[1979.16152826]]
[[2079.0441525]]
[[1971.15390718]]
[[2094.9415842]]
[[2599.56692071]]
[[1963.81410943]]
[[1990.48899934]]
[[2124.32071353]]
[[2033.24656804]]
[[1514.48826835]]
[[2087.13962208]]
[[2026.79584661]]
[[1681.99620851]]
[[1960.80787013]]
[[2033.24988241]]
[[2441.84971952]]
[[1977.10843312]]
[[1962.56997468]]
[[2005.00456551]]
[[2033.25172861]]
[[2026.76748473]]
[[1826.31103836]]
[[1833.02476261]]
[[2033.24988241]]
[[1990.64479004]]
[[2584.12807565]]
[[2587.59144143]]
[[2033.24565592]]
[[2033.17172458]]
[[2576.04900978]]
[[2013.45570147]]
[[1660.08528684]]
[[2601.63518759]]
[[2044.16482964]]
[[1678.81809508]]
[[2192.04137539]]
[[1979.18757589]]
[[2183.50706121]]
[[2034.07226896]]
[[2029.09118902]]
[[2073.46705391]]
[[1850.6170897]]
[[1385.08120662]]
[[2094.47531285]]
[[2026.78270364]]
[[2020.37786714]]
[[2013.99924828]]
[[1643.58374442]]
[[2083.08129436]]
[[1612.26699117]]
[[1977.09987812]]
[[1627.43293651]]
[[1989.17972172]]
[[1977.12408354]]
[[1980.27900691]]
[[1963.91991623]]
[[1679.50017836]]
[[2599.56692071]]
[[1379.38225426]]
[[1380.86401366]]
[[2000.89642493]]
[[1948.4852111]]
[[2014.03560982]]
[[2183.55830362]]
[[2139.02715593]]
[[2007.71580724]]
[[2026.83645011]]
[[2036.43859122]]
[[1990.48899934]]
[[2020.39018314]]
[[1624.7510231]]
[[1820.09343313]]
[[1974.82192368]]
[[2105.21836441]]
[[2576.03497152]]
[[2420.75618402]]
[[1753.0217863]]
[[2083.84874044]]
[[2007.72524059]]
[[2001.49093019]]
[[1963.71706026]]
[[1974.4002742]]
[[2013.99681036]]
[[1983.13294297]]
[[2014.03229239]]
[[2427.68719858]]
[[2126.98335476]]
[[2576.03497152]]
[[1656.64615423]]
[[1992.32310015]]
[[2075.32051525]]
[[2020.36241912]]
[[2434.68535643]]
[[1913.79615387]]
[[1971.146536]]
[[1979.15951574]]
[[2201.12400973]]
[[2014.07865565]]
[[1867.74461875]]
[[2600.18994911]]
[[2020.4093506]]
[[1971.25441769]]
[[2583.84438054]]
[[1968.56573914]]
[[1955.04211063]]
[[2020.35928851]]
[[1726.69908106]]
[[2120.5360073]]
[[2033.29448836]]
[[2080.39680934]]
[[2003.562759]]
[[1658.3429239]]
[[2175.0539346]]
[[1869.48686315]]
[[2020.35745401]]
[[1981.5073544]]
[[1512.88379296]]
[[2424.01932819]]
[[2081.23109423]]
[[2039.78355032]]
[[1919.76928821]]
[[1719.42432185]]
[[2091.60189313]]
[[1973.89438885]]
[[1977.09879491]]
[[1643.40111752]]
[[1568.91525364]]
[[2020.39156299]]
[[2020.36241912]]
[[1656.29662496]]
[[2591.66192806]]
[[2020.40532966]]
[[1618.21488406]]
[[1655.09185309]]
[[1611.12190895]]
[[2020.38075042]]
[[2005.83375198]]
[[2074.90808612]]
[[2083.68293503]]
[[2096.44078709]]
[[1600.27088826]]
[[1645.00655641]]
[[2082.36467801]]
[[2441.72525038]]
[[1822.86950542]]
[[1814.42501327]]
[[2441.72525038]]
[[2078.82257853]]
[[1729.57355096]]
[[1820.05969307]]
[[2200.56386766]]
[[2013.68426369]]
[[2037.0326011]]
[[2380.40431176]]
[[2034.32856308]]
[[2020.41641739]]
[[2530.8420789]]
[[1991.28135457]]
[[1383.20835835]]
[[1739.35605857]]
[[2600.21709569]]
[[2079.75879393]]
[[2014.06603572]]
[[1629.03140325]]
[[1638.91324228]]
[[2027.17901507]]
[[2088.31933739]]
[[2078.22295614]]
[[2583.80931174]]
[[1979.20841702]]
[[1846.50398159]]
[[1972.70568989]]
[[1977.16262104]]
[[2014.05809243]]
[[1807.27836359]]
[[1637.4851472]]
[[1914.86236743]]
[[2101.57935547]]
[[2442.3455354]]
[[1672.07612882]]
[[1843.79785981]]
[[2174.96506499]]
[[1500.59030807]]
[[1838.28651665]]
[[2031.59921435]]
[[2105.99454734]]
[[1616.19081629]]
[[2052.88123723]]
[[2592.16981273]]
[[2014.45258107]]
[[2013.99713495]]
[[1619.75620112]]
[[2014.01382293]]
[[2175.09939191]]
[[2026.81382495]]
[[2026.79915042]]
[[2132.01891568]]
[[2202.77126517]]
[[1752.32953269]]
[[2032.31196076]]
[[1726.66653219]]
[[1621.61432116]]
[[2026.80587691]]
[[1752.62938464]]
[[2020.69606739]]
[[1973.82267726]]
[[2014.0610692]]
[[2103.22808966]]
[[2441.72525038]]
[[1608.14715432]]
[[1752.32953269]]
[[1664.96464338]]
[[2029.10996168]]
[[2014.01820477]]
[[2087.39746998]]
[[2441.72525038]]
[[1614.88641624]]
[[1622.86474749]]
[[1820.49192626]]
[[2039.7915494]]
[[1646.51586871]]
[[1842.5937516]]
[[1846.30678461]]
[[1678.81809508]]
[[1538.57933898]]
[[1579.71664729]]
[[1621.33189945]]
[[1732.71155712]]
[[1833.05222845]]
[[2600.0094123]]
[[1820.00195314]]
[[1866.99355396]]
[[1631.45404074]]
[[1866.99355396]]
[[1972.65302466]]
[[2014.00627329]]
[[1866.99355396]]
[[1954.03900519]]
[[2026.76715808]]
[[2075.82404951]]
[[2020.35171504]]
[[2081.27259245]]
[[1726.67801801]]
[[1513.31579413]]
[[2595.0844801]]
[[1373.2687169]]
[[1846.99152038]]
[[2078.20867525]]
[[1621.33747831]]
[[1645.5282213]]
[[1608.3751121]]
[[2014.03028548]]
[[2007.71580724]]
[[2033.20443786]]
[[2078.59793166]]
[[1976.66496993]]
[[2094.47531285]]
[[2192.02256261]]
[[2026.77789616]]
[[1744.70339582]]
[[1850.62181669]]
[[1862.46047433]]
[[1633.53586078]]
[[1970.26235796]]
[[2437.16530204]]
[[1945.25033704]]
[[2020.41440414]]
[[2026.76748473]]
[[2080.39248486]]
[[1947.43724804]]
[[2094.47531285]]
[[1651.64427141]]
[[2420.88954206]]
[[1654.75981471]]
[[2126.28436227]]
[[2599.76937988]]
[[2014.84381387]]
[[1846.30678461]]
[[2102.37047919]]
[[2183.48059233]]
[[1993.36614511]]
[[1908.32200332]]
[[1526.38280832]]
[[2077.61093507]]
[[1655.08285995]]
[[2081.93525031]]
[[1627.62684103]]
[[2103.99606262]]
[[1974.95035883]]
[[2441.72525038]]
[[2094.75313992]]
[[2014.02875103]]
[[1613.04121899]]
[[2032.92852665]]
[[1991.24827157]]
[[1867.14766062]]
[[2141.75651508]]
[[1963.90288241]]
[[1382.95227559]]
[[1913.78863949]]
[[2531.83636985]]
[[1555.5478521]]
[[2020.37786714]]
[[1989.1955043]]
[[1560.56386053]]
[[2121.98683824]]
[[2026.77951319]]
[[1655.08056585]]
[[2080.98856291]]
[[1567.23967721]]
[[1334.41087366]]
[[1681.86758141]]
[[1947.25496702]]
[[2092.29208748]]
[[2105.9621362]]
[[2085.36827409]]
[[1519.05986334]]
[[2014.01470593]]
[[1366.74278328]]
[[2124.21491732]]
[[2441.72525038]]
[[1990.48899934]]
[[1927.2580698]]
[[2033.24988241]]
[[2534.43236399]]
[[1629.91940853]]
[[2076.02391083]]
[[2431.48194677]]
[[2033.25172861]]
[[1608.80366881]]
[[1957.65770911]]
[[2576.06620912]]
[[1825.79045839]]
[[1867.77734413]]
[[1516.33466535]]
[[1989.97331397]]
[[2014.04637231]]
[[2139.26286131]]
[[2200.5393514]]
[[1796.52053454]]
[[2044.15601707]]
[[2044.23289071]]
[[1525.51844483]]
[[1984.61907377]]
[[2119.50734759]]
[[1431.76765561]]
[[1740.16349525]]
[[2101.57736075]]
[[2442.33187173]]
[[1643.59731195]]
[[1845.01377364]]
[[2026.76715808]]
[[2033.24768201]]
[[2014.00871121]]
[[1846.61909459]]
[[1990.72257971]]
[[2001.76996119]]
[[1372.08256531]]
[[2132.18947266]]
[[1981.53856821]]
[[2087.42448994]]
[[2033.24410681]]
[[2200.5886365]]
[[1752.32953269]]
[[2599.56692071]]
[[1821.22260772]]
[[2584.83501475]]
[[2044.25422266]]
[[2177.34762432]]
[[1977.11997379]]
[[2020.41286486]]
[[1656.35668759]]
[[2576.03528897]]
[[2139.38502823]]
[[1847.0720997]]
[[2094.40373993]]
[[2020.39446058]]
[[2094.47531285]]
[[1614.69384772]]
[[1977.15623722]]
[[2090.13896704]]
[[1977.15624199]]
[[2029.14002819]]
[[1983.12394483]]
[[2007.70182147]]
[[1539.41113178]]
[[1623.36417914]]
[[2087.09606711]]
[[1755.56522183]]
[[2014.01116458]]
[[2059.57800945]]
[[2117.22601681]]
[[2577.04713752]]
[[2033.24410681]]
[[1753.02397281]]
[[1753.34669549]]
[[2001.15393686]]
[[2026.7949374]]
[[1973.66360825]]
[[2424.60424847]]
[[1518.2306762]]
[[1947.70907194]]
[[2026.76748473]]
[[2020.37403742]]
[[1989.93893547]]
[[2583.8676021]]
[[1726.66653219]]
[[2026.81541726]]
[[1506.88190021]]
[[1714.25074456]]
[[2080.36547838]]
[[1892.60663337]]
[[1854.63792869]]
[[1977.24378359]]
[[2201.15474882]]
[[1371.55554675]]
[[2384.07861611]]
[[1963.91745156]]
[[2202.6729684]]
[[1657.93732248]]
[[1606.06709233]]
[[1655.13808841]]
[[2075.32051525]]
[[2022.6499148]]
[[2013.81772398]]
[[1717.37807543]]
[[2126.92148546]]
[[1626.19883296]]
[[1392.76675475]]
[[2599.56692071]]
[[1605.53126703]]
[[1969.60508022]]
[[2080.43064307]]
[[1373.65268829]]
[[2026.82850208]]
[[1608.34799524]]
[[1869.38595199]]
[[2095.16042862]]
[[2031.46646525]]
[[2106.35875672]]
[[2033.24988241]]
[[1655.08421072]]
[[1977.11740398]]
[[2427.73341178]]
[[1372.44247828]]
[[2010.93942922]]
[[1652.50265624]]
[[2096.08573048]]
[[2125.02745515]]
[[2020.42771365]]
[[2007.08016304]]
[[2087.10020403]]
[[2034.34944281]]
[[1753.10569414]]
[[2033.28174782]]
[[2441.92237792]]
[[2184.49843689]]
[[1983.54995966]]
[[2026.76748473]]
[[2020.36120783]]
[[1606.37037048]]
[[1635.28015072]]
[[1944.68399288]]
[[1825.96490915]]
[[1615.22593369]]
[[1989.17972172]]
[[2139.05353623]]
[[2583.80780654]]
[[2420.75618402]]
[[2080.7281555]]
[[2117.47745972]]
[[2427.68573257]]
[[2020.37471624]]
[[1392.42811174]]
[[1977.10839678]]
[[1381.19129215]]
[[2087.10488641]]
[[2086.0420026]]
[[2014.01199421]]
[[2033.24565592]]
[[1616.174112]]
[[1967.96752214]]
[[2014.01852936]]
[[2088.10055034]]
[[2084.49528967]]
[[1972.65520443]]
[[2141.66956974]]
[[1512.84527949]]
[[1990.48899934]]
[[2000.89642493]]
[[2091.80618144]]
[[1981.66563543]]
[[2080.42941366]]
[[1867.22460942]]
[[1855.29875409]]
[[2033.24768201]]
[[1981.51681074]]
[[1377.31492806]]
[[1946.20035374]]
[[1807.2647455]]
[[2033.25172861]]
[[2422.18819693]]
[[2001.49280795]]
[[1365.53966641]]
[[2105.74825643]]
[[1733.06245016]]
[[1628.72219148]]
[[2031.51145863]]
[[2026.76715808]]
[[2026.79930129]]
[[1938.29129404]]
[[2033.24410681]]
[[2014.01820477]]
[[2075.32051525]]
[[1648.66863821]]
[[1833.02895303]]
[[2200.64845135]]
[[2033.28174782]]
[[1846.30678461]]
[[2024.76650753]]
[[1539.62389358]]
[[1726.67024118]]
[[2020.39669084]]
[[2020.3837565]]
[[2105.21836441]]
[[2073.45474837]]
[[1382.79660415]]
[[1606.87835956]]
[[2428.50122383]]
[[2537.30134389]]
[[2583.81521229]]
[[1977.10201773]]
[[2139.2558496]]
[[2031.42681306]]
[[1971.13091465]]
[[1754.72045254]]
[[2020.35325432]]
[[1561.71676148]]
[[2583.84554804]]
[[2049.31252233]]
[[1977.08982404]]
[[1968.55381785]]
[[2427.9976656]]
[[2000.89642493]]
[[1851.61951151]]
[[2139.27482786]]
[[1538.9187772]]
[[2033.24410681]]
[[2033.24565592]]
[[1600.09804342]]
[[2139.82197917]]
[[1990.48899934]]
[[1983.13718277]]
[[2126.57878798]]
[[2587.93171658]]
[[2026.76715808]]
[[2103.68390609]]
[[2033.24410681]]
[[1960.76493445]]
[[1610.66640549]]
[[2033.24988241]]
[[2420.78661325]]
[[2105.21836441]]
[[1383.81153415]]
[[2020.36241912]]
[[1953.10388014]]
[[2051.35053967]]
[[2108.68160845]]
[[2075.58602547]]
[[1989.17330371]]
[[2106.38483079]]
[[1945.39375599]]
[[2103.42039681]]
[[1377.56616957]]
[[1848.22480948]]
[[2131.96335339]]
[[2427.69119837]]
[[2427.689116]]
[[2075.32051525]]
[[2064.9767082]]
[[2441.72525038]]
[[2039.80995395]]
[[1980.52639978]]
[[1992.46746596]]
[[2032.73221901]]
[[2010.50383027]]
[[1861.8274825]]
[[1989.1955043]]
[[1655.56869434]]
[[2075.32051525]]
[[2082.64491442]]
[[1623.27928191]]
[[1825.02558692]]
[[1515.17875218]]
[[1382.77089892]]
[[2073.46919218]]
[[2020.36611455]]
[[1796.51309534]]
[[2126.56443884]]
[[2020.40177713]]
[[2079.47715941]]
[[1961.69257781]]
[[2077.92812773]]
[[1634.26878897]]
[[2014.07624453]]
[[2044.15838074]]
[[2020.39167937]]
[[1726.67191991]]
[[2094.47531285]]
[[2087.64983609]]
[[1955.08123213]]
[[1842.59705614]]
[[1847.26785737]]
[[1979.16941759]]
[[1954.1470916]]
[[2081.47258951]]
[[2000.89642493]]
[[2087.12105948]]
[[1614.44722013]]
[[2194.14812809]]
[[2139.243671]]
[[1858.75845661]]
[[2599.56692071]]
[[2096.56652257]]
[[2039.78355032]]
[[2599.56692071]]
[[2599.56692071]]
[[2006.20946847]]
[[1866.99355396]]
[[2183.5814483]]
[[1940.39340399]]
[[2026.78145997]]
[[2380.38966362]]
[[2033.16309709]]
[[1752.32953269]]
[[2026.78160332]]
[[1607.86712755]]
[[1971.16185781]]
[[2535.80505651]]
[[2026.77866993]]
[[1614.57483989]]
[[2087.14101241]]
[[1566.70842132]]
[[2026.76715808]]
[[2175.16142126]]
[[2036.80068757]]
[[1963.94078568]]
[[1968.55339441]]
[[1609.04775053]]
[[1989.17330371]]
[[1726.75927124]]
[[2073.48729783]]
[[2094.67727983]]
[[1621.94918933]]
[[1679.11261148]]
[[1752.32953269]]
[[1625.73961455]]
[[1502.03438091]]
[[2103.459069]]
[[1961.02079465]]
[[1809.21646824]]
[[2183.44791798]]
[[2020.36274474]]
[[2013.99681036]]
[[1743.49404324]]
[[1977.10428703]]
[[1607.02088332]]
[[1624.96894835]]
[[2026.76715808]]
[[1867.2376198]]
[[1525.53595075]]
[[1681.16647101]]
[[1512.78462069]]
[[1610.84693197]]
[[1850.63814385]]
[[2033.25172861]]
[[2016.69104905]]
[[2131.92186571]]
[[1894.39006659]]
[[2576.04422616]]
[[2007.71406035]]
[[2585.25133948]]
[[1618.40355349]]
[[1980.53294455]]
[[2033.24988241]]
[[1858.74910159]]
[[2026.79930129]]
[[2014.47328246]]
[[2200.58727082]]
[[1647.32741776]]
[[2020.37819275]]
[[2031.9542333]]
[[1810.34973138]]
[[1898.30957877]]
[[1977.09640166]]
[[2031.17015574]]
[[2133.39877837]]
[[2032.25860632]]
[[2026.76715808]]
[[2014.0046846]]
[[2026.78160332]]
[[2080.39455793]]
[[1820.00561178]]
[[2013.99681036]]
[[1365.63272373]]
[[1977.13946979]]
[[2044.16147222]]
[[2026.83211206]]
[[1500.36496353]]
[[1622.98193123]]
[[2133.73060998]]
[[1714.26503769]]
[[2601.55147908]]
[[2044.16764663]]
[[1679.49803077]]
[[1807.31186027]]
[[1661.02107274]]
[[2059.57370654]]
[[1914.99282125]]
[[2187.23497237]]
[[1971.17590651]]
[[1846.30678461]]
[[1908.33022095]]
[[1807.26426179]]
[[1379.95482284]]
[[1813.28354054]]
[[1358.39363342]]
[[2088.81512734]]
[[2020.43432678]]
[[1962.61825681]]
[[1605.57866692]]
[[1953.27617755]]
[[1660.84727876]]
[[2124.67201017]]
[[1847.08729817]]
[[2587.70547051]]
[[2028.7020338]]
[[1655.15517667]]
[[1512.79690328]]
[[1374.60926611]]
[[1607.09538353]]
[[2105.44719846]]
[[2013.99681036]]
[[2195.59573896]]
[[1979.1670191]]
[[2026.76715808]]
[[2125.8013647]]
[[1964.06899593]]
[[2033.24768201]]
[[2585.94829315]]
[[2000.89642493]]
[[2135.17061581]]
[[2386.70202299]]
[[2579.38480264]]
[[2026.77668102]]
[[1983.12940599]]
[[1625.89356628]]
[[1981.52013025]]
[[2026.76748473]]
[[2076.98076179]]
[[2014.04671498]]
[[1989.16427805]]
[[2591.6592002]]
[[2014.05776783]]
[[1367.60582072]]
[[1990.48899934]]
[[2020.38735993]]
[[2013.9983448]]
[[2016.60988134]]
[[1946.21825424]]
[[1371.18743565]]
[[1983.12144832]]
[[2083.12591952]]
[[2190.61938896]]
[[1752.32953269]]
[[1621.08478819]]
[[2094.47531285]]
[[2000.89642493]]
[[2006.12196852]]
[[2080.44244962]]
[[1606.17394954]]
[[2026.80467919]]
[[1987.8304263]]
[[2093.57528268]]
[[1989.16427805]]
[[2443.21329054]]
[[1971.14017617]]
[[2580.73437932]]
[[2441.91186967]]
[[1372.15932865]]
[[1538.57933898]]
[[2026.76748473]]
[[2026.76715808]]
[[2026.79930129]]
[[1866.99355396]]
[[2105.21836441]]
[[1628.57380995]]
[[2033.30564685]]
[[1340.01116521]]
[[1739.37241155]]
[[2002.9497395]]
[[2076.30777832]]
[[1500.36443979]]
[[1512.79392811]]
[[1946.90072208]]
[[2434.6751325]]
[[2020.42323904]]
[[1866.99355396]]
[[1500.38424979]]
[[2124.35472576]]
[[2033.30564685]]
[[1971.16217549]]
[[2062.53733955]]
[[2443.65754668]]
[[2059.60190968]]
[[1525.53140224]]
[[1643.79109142]]
[[1983.1177798]]
[[2201.19184284]]
[[2530.8574325]]
[[1538.57933898]]
[[2420.76788032]]
[[2026.81737914]]
[[1538.57933898]]
[[1437.5453808]]
[[2014.00253128]]
[[1972.64620555]]
[[2126.9243369]]
[[1626.94211793]]
[[2094.01305808]]
[[2026.79339323]]
[[1727.16324887]]
[[2001.56298998]]
[[1509.12513729]]
[[2443.73905079]]
[[1944.98629472]]
[[2183.55237167]]
[[1371.85178371]]
[[2096.65472962]]
[[2040.04709274]]
[[1989.16427805]]
[[2174.9495558]]
[[1636.49274267]]
[[1960.88758868]]
[[2020.20251284]]
[[2051.35053967]]
[[1807.47286515]]
[[2577.31615189]]
[[1990.73573227]]
[[2010.19853567]]
[[1842.74700517]]
[[1842.5830215]]
[[2059.56144876]]
[[2026.77668102]]
[[1541.90660233]]
[[2187.79913161]]
[[1655.08056585]]
[[2013.99866939]]
[[1388.54580239]]
[[1515.89329653]]
[[1963.90326759]]
[[1523.54031216]]
[[1628.43741165]]
[[1815.35530906]]
[[2033.24988241]]
[[2094.99810079]]
[[1621.15426069]]
[[2581.34490732]]
[[2088.64664496]]
[[1867.5916369]]
[[1979.58773158]]
[[1807.28565266]]
[[1512.86581097]]
[[1752.32953269]]
[[2014.05899224]]
[[1963.90288241]]
[[2033.24768201]]
[[1977.14727113]]
[[1989.16427805]]
[[2075.32051525]]
[[1726.7232561]]
[[1726.74245572]]
[[1963.59425174]]
[[1938.24976383]]
[[1936.66645056]]
[[1866.99355396]]
[[2074.06585165]]
[[2039.78355032]]
[[1340.42992001]]
[[2014.01116458]]
[[1977.13642084]]
[[2063.59501752]]
[[1626.14348459]]
[[2026.78868815]]
[[2576.04697854]]
[[2013.9983448]]
[[1983.1072731]]
[[1846.30678461]]
[[1383.25625562]]
[[1850.61578842]]
[[2031.41382998]]
[[2007.73333873]]
[[1962.44916728]]
[[1989.17972172]]
[[1500.36443979]]
[[2089.38478167]]
[[2087.16727599]]
[[1846.98936443]]
[[1621.88537605]]
[[2101.57810581]]
[[1945.58797069]]
[[2033.24410681]]
[[2026.76748473]]
[[1971.17747916]]
[[1846.30678461]]
[[2026.77668102]]
[[2434.70011151]]
[[1842.58264037]]
[[2106.81517379]]
[[1808.80655594]]
[[2033.24768201]]
[[1644.99331121]]
[[2021.89791985]]
[[1655.13630901]]
[[2020.35171504]]
[[2105.21836441]]
[[1597.67058252]]
[[2125.25710252]]
[[1505.8912217]]
[[2075.62423408]]
[[1538.57933898]]
[[2120.29284412]]
[[2026.82811721]]
[[1968.55339441]]
[[1989.1955043]]
[[1944.77101088]]
[[1977.10278071]]
[[2014.01871422]]
[[2431.06993052]]
[[1989.1955043]]
[[2000.89642493]]
[[2429.5113108]]
[[1945.32540878]]
[[1626.47818505]]
[[2014.00436]]
[[1867.52698045]]
[[1945.22691343]]
[[2076.10668604]]
[[2013.99924828]]
[[1549.60357189]]
[[1337.12106612]]
[[2014.00436]]
[[2014.03118896]]
[[2020.35325432]]
[[2033.24410681]]
[[1984.37088765]]
[[1991.02825498]]
[[1949.55468631]]
[[1624.98466533]]
[[1382.93698477]]
[[2183.59901351]]
[[1820.01053862]]
[[1439.74520337]]
[[2127.67759412]]
[[1989.1955043]]
[[2033.24565592]]
[[1610.71770456]]
[[2175.15022217]]
[[1620.2949231]]
[[2420.75649325]]
[[2014.07004509]]
[[2014.00908762]]
[[2026.76715808]]
[[2183.35824846]]
[[1939.49267608]]
[[1855.57075113]]
[[1679.12919526]]
[[2094.47531285]]
[[2087.81054019]]
[[2191.83621474]]
[[1679.59558513]]
[[2118.04978363]]
[[1989.16427805]]
[[1836.94094673]]
[[1977.10381295]]
[[1617.45310664]]
[[2020.37891593]]
[[2127.53122678]]
[[2183.35993631]]
[[1968.73600601]]
[[2096.10772885]]
[[2079.41252133]]
[[2094.68865229]]
[[2014.00035171]]
[[1990.48899934]]
[[1846.60244633]]
[[2081.91099544]]
[[1971.13985848]]
[[2126.81482612]]
[[1842.59949487]]
[[1981.99678901]]
[[1365.88867122]]
[[1866.99355396]]
[[2438.01830449]]
[[1913.05566402]]
[[2020.37191191]]
[[2075.52308607]]
[[2584.60568286]]
[[1678.81809508]]
[[2124.68915824]]
[[2014.07212205]]
[[1389.18835021]]
[[2027.37625827]]
[[1973.02172644]]
[[2020.39485635]]
[[1666.83864107]]
[[1938.16699478]]
[[1847.32540915]]
[[1850.65688329]]
[[2026.79663618]]
[[2098.34801474]]
[[2029.1056584]]
[[2131.54324323]]
[[1371.22071341]]
[[1609.59509458]]
[[2050.63197303]]
[[1972.69206607]]
[[1971.14621831]]
[[2026.76715808]]
[[2007.71373678]]
[[1531.24278607]]
[[2079.50320723]]
[[2020.37672949]]
[[2184.28429016]]
[[2044.15601707]]
[[1503.70527625]]
[[1679.81715853]]
[[1716.22943705]]
[[1500.38760106]]
[[2117.02075054]]
[[2026.77510612]]
[[1371.295053]]
[[1529.78223389]]
[[2014.04703957]]
[[2033.25172861]]
[[2087.10275014]]
[[2117.2648512]]
[[2039.78355032]]
[[2039.80995395]]
[[2441.72525038]]
[[1512.81942745]]
[[2000.89642493]]
[[1752.32953269]]
[[2087.09891503]]
[[1646.65727716]]
[[1916.83174332]]
[[2075.32051525]]
[[1650.43194138]]
[[1846.30678461]]
[[1983.11367154]]
[[2101.57810581]]
[[1388.60102488]]
[[1846.30678461]]
[[1991.09361798]]
[[1979.20997801]]
[[2087.94352847]]
[[2014.01269902]]
[[2096.12904832]]
[[1971.14017617]]
[[1666.83446665]]
[[2020.35989963]]
[[2033.24988241]]
[[1960.78743517]]
[[2420.76985899]]
[[1971.16185781]]
[[1752.32953269]]
[[2441.72525038]]
[[2006.84729671]]
[[2200.56831929]]
[[1642.40815272]]
[[2094.61001841]]
[[2039.78355032]]
[[1739.36816261]]
[[2175.18501752]]
[[2583.82879315]]
[[2020.39788478]]
[[1975.63630557]]
[[2080.39089983]]
[[2178.92055737]]
[[1983.80312214]]
[[1382.74932324]]
[[2202.16073749]]
[[2139.50144735]]
[[1752.32953269]]
[[2026.76748473]]
[[2033.29448836]]
[[2001.57622736]]
[[2001.06817721]]
[[2600.07289917]]
[[2039.80995395]]
[[1972.65042671]]
[[2073.45441419]]
[[1913.77807201]]
[[2027.16864643]]
[[2017.82061486]]
[[1726.72506681]]
[[1982.13816812]]
[[2033.42610501]]
[[1367.71155808]]
[[1848.6642929]]
[[1835.91091904]]
[[1946.32629297]]
[[1977.1674575]]
[[2016.48406325]]
[[1678.81809508]]
[[1977.09640166]]
[[2579.9852616]]
[[2090.09110322]]
[[1607.00115271]]
[[2097.61196075]]
[[2014.01663727]]
[[2029.09118902]]
[[1891.50752055]]
[[2080.39341812]]
[[2385.2431595]]
[[2079.73248461]]
[[1977.10625717]]
[[1377.00236907]]
[[2020.39031131]]
[[1961.69771544]]
[[1512.8472158]]
[[2104.95279313]]
[[2087.47746767]]
[[1802.43390945]]
[[1989.94935056]]
[[2078.67149311]]
[[1599.08479451]]
[[1945.54442407]]
[[1553.76774082]]
[[1989.16427805]]
[[2033.30564685]]
[[1829.92338249]]
[[2020.36502748]]
[[1579.3180559]]
[[2039.80995395]]
[[2591.65142927]]
[[1620.86800105]]
[[1982.02145352]]
[[1512.78711709]]
[[2014.04474816]]
[[2105.81070428]]
[[1371.67488588]]
[[1611.70976246]]
[[1371.17304628]]
[[2427.72135461]]
[[1655.11255196]]
[[1945.75848673]]
[[1608.06145083]]
[[2001.16843697]]
[[1538.57933898]]
[[1539.66940689]]
[[1628.67632774]]
[[1627.43293651]]
[[1909.63888172]]
[[2033.30564685]]
[[1584.64882702]]
[[1989.17330371]]
[[2427.68573257]]
[[1580.50305427]]
[[2026.76748473]]
[[2014.05776783]]
[[1965.45744932]]
[[2015.60021432]]
[[2014.01262898]]
[[2600.01080992]]
[[1866.99355396]]
[[2000.89642493]]
[[2013.99924828]]
[[1963.2257502]]
[[2442.15745006]]
[[1736.0997881]]
[[2060.37914155]]
[[2122.46197682]]
[[1736.12266317]]
[[2118.08017884]]
[[2044.18897326]]
[[1752.52952442]]
[[2034.81080128]]
[[1508.11784619]]
[[2077.74226828]]
[[2139.23905986]]
[[2033.30564685]]
[[1977.12086071]]
[[1514.10791632]]
[[2033.02395199]]
[[1961.95326501]]
[[2087.09785961]]
[[2380.39822435]]
[[1655.08911902]]
[[1944.46783891]]
[[1678.81809508]]
[[1989.17330371]]
[[1977.36697817]]
[[1634.45023418]]
[[2014.00253128]]
[[2095.19313746]]
[[1726.67523584]]
[[2431.55691833]]
[[2029.79633837]]
[[1679.7754449]]
[[1990.63370598]]
[[2429.09169272]]
[[1937.52056599]]
[[1714.25074456]]
[[2033.24443451]]
[[2576.03497152]]
[[2026.76715808]]
[[2007.74277208]]
[[2026.83924015]]
[[2103.55414203]]
[[2094.47531285]]
[[1983.10605174]]
[[2031.38456584]]
[[1726.66886665]]
[[1807.26426179]]
[[2020.39266991]]
[[1630.62810681]]
[[2175.07751501]]
[[1913.81463251]]
[[2117.35746547]]
[[2080.39869836]]
[[2014.00908762]]
[[2024.81966892]]
[[1597.98137588]]
[[2029.11313747]]
[[2105.21836441]]
[[2116.98639955]]
[[1366.00288758]]
[[2594.20854527]]
[[1753.121108]]
[[1990.48899934]]
[[2075.32051525]]
[[1850.61966006]]
[[1820.03406012]]
[[2077.61286142]]
[[1737.58116512]]
[[2194.84358164]]
[[2585.68217141]]
[[2105.21836441]]
[[2080.41299953]]
[[2078.2925442]]
[[1963.43986411]]
[[2014.03528523]]
[[1629.23899603]]
[[2020.39386384]]
[[1992.87446998]]
[[1968.55339441]]
[[1431.8163374]]
[[1678.81809508]]
[[1727.96510617]]
[[1848.9578172]]
[[1641.30280726]]
[[2139.96231235]]
[[2027.93929741]]
[[1613.63577547]]
[[1755.43426449]]
[[1979.2394654]]
[[1627.71436065]]
[[2100.65429493]]
[[2047.09941404]]
[[2073.45441419]]
[[2089.68320764]]
[[1820.0042559]]
[[2033.24410681]]
[[1623.37928691]]
[[2033.81211779]]
[[2107.58778953]]
[[2124.57788541]]
[[2095.00848289]]
[[1666.86182761]]
[[2026.78365335]]
[[1977.13417141]]
[[1972.67170684]]
[[1937.00839393]]
[[2027.32220735]]
[[1500.37970872]]
[[2020.37195391]]
[[1538.57933898]]
[[1833.80914158]]
[[2179.3023074]]
[[1643.60149034]]
[[2083.78940585]]
[[1714.25074456]]
[[2007.70149789]]
[[2076.02169613]]
[[1585.98587491]]
[[2007.74557761]]
[[1812.36858752]]
[[1538.57933898]]
[[2029.3052298]]
[[1715.81396337]]
[[2033.27635274]]
[[1542.04694604]]
[[1636.65828631]]
[[1512.78858698]]
[[1972.64803455]]
[[2095.74219765]]
[[2014.0672259]]
[[2026.79695704]]
[[1617.47822383]]
[[1989.16427805]]
[[1624.32566313]]
[[1958.02142318]]
[[1714.25123484]]
[[2176.53615725]]
[[1979.22496887]]
[[1599.15741665]]
[[1628.11841809]]
[[2442.35830343]]
[[1579.30878559]]
[[2085.69701367]]
[[2033.24768201]]
[[2026.76870226]]
[[1984.67338997]]
[[2017.36223536]]
[[1722.45156492]]
[[2105.21836441]]
[[2026.8149233]]
[[1990.48899934]]
[[2184.2387188]]
[[1721.5086476]]
[[1966.35988123]]
[[2125.45890453]]
[[1512.78462069]]
[[1579.34085256]]
[[2124.52018799]]
[[1821.28289733]]
[[1971.17111933]]
[[1804.21673198]]
[[2023.4599458]]
[[1732.53470538]]
[[1861.85617676]]
[[1866.99355396]]
[[1962.14453075]]
[[2039.7915494]]
[[1384.45855026]]
[[2014.03528523]]
[[2428.46284148]]
[[2599.56692071]]
[[2006.70795505]]
[[2094.47531285]]
[[2104.12676783]]
[[1623.408352]]
[[2014.00035171]]
[[1949.76644398]]
[[2026.79930129]]
[[1977.12194392]]
[[2094.47531285]]
[[2014.23452217]]
[[2007.70149789]]
[[2599.56692071]]
[[1867.80281847]]
[[1727.9039868]]
[[1678.81809508]]
[[2044.21528419]]
[[2191.91207256]]
[[1573.42906836]]
[[1948.14786024]]
[[2599.75858742]]
[[1956.84653816]]
[[1625.58160468]]
[[1632.01829494]]
[[2075.32051525]]
[[2026.7747556]]
[[1977.12403218]]
[[2031.31353071]]
[[2192.41495298]]
[[1977.1393821]]
[[2030.67368431]]
[[1628.53171595]]
[[1678.81809508]]
[[2431.8036516]]
[[2139.05689484]]
[[2124.67834132]]
[[2088.85623058]]
[[2033.24410681]]
[[2003.67522475]]
[[2037.39313591]]
[[2026.76715808]]
[[2022.11530892]]
[[1615.16726222]]
[[1525.5612151]]
[[2106.71297187]]
[[1821.57345786]]
[[2052.62384196]]
[[2200.5497458]]
[[1539.42765042]]
[[2420.75618402]]
[[1981.08959156]]
[[1645.77166203]]
[[1979.15951574]]
[[2105.21836441]]
[[2132.25249912]]
[[2014.06723076]]
[[1596.62750558]]
[[2176.08800878]]
[[1735.95546125]]
[[2381.37373433]]
[[1655.17170145]]
[[1961.79216607]]
[[2027.79746367]]
[[2020.35526757]]
[[1968.59506217]]
[[1963.91411185]]
[[1624.63609109]]
[[2594.12642988]]
[[2014.05014544]]
[[1752.32953269]]
[[1667.61585049]]
[[2033.03863938]]
[[2000.89642493]]
[[2033.30564685]]
[[1977.0874308]]
[[1969.90352031]]
[[2045.47084131]]
[[1608.91321531]]
[[1961.0280935]]
[[1844.1208419]]
[[2183.35859859]]
[[1384.95512345]]
[[2184.96988426]]
[[2026.77668102]]
[[1739.396012]]
[[1989.1955043]]
[[1389.59865695]]
[[2026.78086331]]
[[1628.75793749]]
[[2020.35963791]]
[[1977.65725942]]
[[1977.15506885]]
[[1650.7174294]]
[[2035.8542825]]
[[2081.84244654]]
[[1635.39889573]]
[[2020.39185059]]
[[1867.60351428]]
[[2584.64509094]]
[[1975.21405011]]
[[2073.45441419]]
[[1372.52166609]]
[[2121.5183891]]
[[1942.49289181]]
[[1796.50263359]]
[[2026.78160332]]
[[1625.50811105]]
[[2088.08433788]]
[[1538.79366512]]
[[2074.80310526]]
[[2183.58200533]]
[[1891.76956757]]
[[2084.44499351]]
[[1609.65264321]]
[[1541.14162794]]
[[1626.86560298]]
[[2128.81056049]]
[[2033.24768201]]
[[2104.02888615]]
[[2441.72525038]]
[[2425.92870928]]
[[2095.11386649]]
[[2200.44034687]]
[[1842.58264037]]
[[2089.64511334]]
[[2026.76961147]]
[[2022.07820392]]
[[1643.5832625]]
[[2100.18860115]]
[[1908.35042897]]
[[2117.12807896]]
[[2026.76715808]]
[[2014.0276677]]
[[2014.03528523]]
[[1538.57933898]]
[[2104.8790387]]
[[1858.77998097]]
[[2078.20905281]]
[[2096.09846288]]
[[1971.16217549]]
[[2427.68806178]]
[[1797.70522962]]
[[1637.61525909]]
[[2441.72525038]]
[[2078.22537205]]
[[1963.90523392]]
[[1796.53882831]]
[[1606.45197937]]
[[2583.810198]]
[[2039.78355032]]
[[2016.6348143]]
[[2001.73348867]]
[[2014.03409505]]
[[1621.33156559]]
[[2020.41531048]]
[[2026.79930129]]
[[1615.09848753]]
[[1955.93040437]]
[[1386.03042234]]
[[2599.56692071]]
[[1342.17070285]]
[[1612.4492504]]
[[1588.90862111]]
[[2185.79018703]]
[[2039.78355032]]
[[1669.70960237]]
[[1994.54012872]]
[[1977.10278071]]
[[2040.49104915]]
[[2044.24991665]]
[[2139.18616474]]
[[2427.74397175]]
[[2020.45026719]]
[[1971.17111933]]
[[1850.671766]]
[[2442.39776217]]
[[2200.43737428]]
[[2033.24410681]]
[[1971.1429306]]
[[1736.07740423]]
[[1961.13747349]]
[[2044.15977248]]
[[2134.42720733]]
[[1538.57933898]]
[[1858.76174055]]
[[2074.51991541]]
[[1626.51548846]]
[[2050.27668896]]
[[2185.46958777]]
[[2080.45386685]]
[[1957.68394542]]
[[1977.08893712]]
[[2014.01688549]]
[[2599.69475632]]
[[2011.17530215]]
[[1973.03537159]]
[[2008.47716013]]
[[2026.84361429]]
[[1636.89546415]]
[[2200.53592459]]
[[1950.70428795]]
[[1945.38512223]]
[[2578.05988188]]
[[2436.51233252]]
[[2080.41532679]]
[[1752.64626885]]
[[1937.65111987]]
[[1961.9690457]]
[[1908.31044685]]
[[1980.22631634]]
[[1989.1955043]]
[[1617.09933909]]
[[1607.871934]]
[[2530.83583533]]
[[2125.38310044]]
[[1571.3718539]]
[[1528.66418781]]
[[1971.14496335]]
[[2434.68269998]]
[[1376.80967928]]
[[1971.15187443]]
[[1657.280683]]
[[2033.24565592]]
[[1720.35168825]]
[[1610.81794611]]
[[2033.24768201]]
[[1500.41597772]]
[[2099.14155492]]
[[2117.28434595]]
[[2096.30362672]]
[[2000.89642493]]
[[2600.06304656]]
[[1627.50091863]]
[[1850.99794657]]
[[1579.29574874]]
[[2530.82705498]]
[[2082.90370236]]
[[2006.36986127]]
[[2427.70617293]]
[[1610.08690997]]
[[2078.20867525]]
[[1990.48899934]]
[[2087.15436434]]
[[2033.24988241]]
[[1984.21842506]]
[[2078.20867525]]
[[1379.56153178]]
[[2200.4365532]]
[[2020.35416066]]
[[2045.40895709]]
[[1383.6740776]]
[[2014.01062206]]
[[1851.57213443]]
[[1972.69064743]]
[[1977.12520055]]
[[1820.00726772]]
[[2139.30491349]]
[[1379.99538906]]
[[2033.24410681]]
[[2026.76715808]]
[[2435.17994444]]
[[1580.79435578]]
[[1850.61472294]]
[[2014.03447195]]
[[1394.02175821]]
[[2026.76715808]]
[[2026.83091433]]
[[1745.72333614]]
[[2007.71125482]]
[[1442.14309418]]
[[1936.521646]]
[[2075.32051525]]
[[1753.30422616]]
[[1643.63068427]]
[[2139.27482786]]
[[1952.94824763]]
[[2077.05935944]]
[[2073.59852882]]
[[2032.25708385]]
[[1963.43986411]]
[[1847.30973322]]
[[1850.61291337]]
[[2105.7466687]]
[[2107.04303266]]
[[1949.09070101]]
[[1643.5832625]]
[[2078.40145326]]
[[2033.25366018]]
[[2045.76908695]]
[[1983.13991269]]
[[1866.99355396]]
[[1822.21038451]]
[[2031.42612866]]
[[1976.63627679]]
[[2029.09118902]]
[[2434.00204129]]
[[2075.32051525]]
[[1613.99918227]]
[[2131.31568451]]
[[1603.49309866]]
[[1971.14621831]]
[[1823.2766396]]
[[1807.26426179]]
[[1853.18624431]]
[[2087.21996477]]
[[1593.43674508]]
[[2033.24410681]]
[[1373.23645043]]
[[1512.79038216]]
[[1971.13091465]]
[[1807.28255755]]
[[2026.79930129]]
[[2018.75639973]]
[[2088.87854915]]
[[2091.73768721]]
[[1820.00195314]]
[[2095.13182317]]
[[2188.15420736]]
[[2026.77789616]]
[[1539.32120985]]
[[2583.80780654]]
[[1971.14621831]]
[[1965.13103093]]
[[1383.26294761]]
[[2026.79930129]]
[[2050.09762411]]
[[2200.92105997]]
[[1388.09344924]]
[[1938.37689045]]
[[1945.21738818]]
[[1990.48899934]]
[[2183.4966202]]
[[1643.5832625]]
[[1548.04398747]]
[[1959.45866082]]
[[1661.36589886]]
[[1383.80262617]]
[[2020.66660172]]
[[1946.74381356]]
[[2088.0462324]]
[[2026.78549367]]
[[1897.10112645]]
[[1890.92793375]]
[[2013.99957288]]
[[2201.12876025]]
[[1972.64911146]]
[[1945.2039928]]
[[2139.95395117]]
[[2200.56831929]]
[[2084.73353547]]
[[2187.75471636]]
[[2033.29448836]]
[[1371.76008677]]
[[2026.76715808]]
[[1963.90288241]]
[[1961.29323845]]
[[2039.80995395]]
[[2020.39031131]]
[[1728.90535848]]
[[1502.47821933]]
[[2027.20451901]]
[[2091.0065101]]
[[2091.01380175]]
[[1728.25966573]]
[[1850.68480065]]
[[1842.62014463]]
[[2074.06359094]]
[[2026.77951319]]
[[2039.78355032]]
[[1972.64620555]]
[[1333.41103764]]
[[1962.20672824]]
[[1833.01282527]]
[[1538.57933898]]
[[2086.53207734]]
[[1849.49725709]]
[[1371.44616408]]
[[2106.44251434]]
[[1941.42039109]]
[[1714.26928855]]
[[2033.25172861]]
[[1388.56404141]]
[[1968.56941054]]
[[2014.01480854]]
[[2033.24410681]]
[[1635.27280831]]
[[2026.76715808]]
[[2075.07526204]]
[[2089.32819633]]
[[2599.56692071]]
[[2075.32051525]]
[[2075.64133603]]
[[2020.35416066]]
[[2073.46415649]]
[[1678.81809508]]
[[2105.21836441]]
[[2200.52845638]]
[[2020.35963791]]
[[1643.54084202]]
[[2020.35996353]]
[[2587.09148604]]
[[2124.69006527]]
[[2076.35079533]]
[[2014.01820477]]
[[1538.90068281]]
[[2035.26736509]]
[[1989.17330371]]
[[2027.18638806]]
[[1868.8359134]]
[[2094.80723346]]
[[2014.04671498]]
[[2078.4652855]]
[[1649.58019443]]
[[1500.36443979]]
[[1586.68696868]]
[[2096.11098153]]
[[1368.24444922]]
[[1613.1483756]]
[[1852.34835425]]
[[1937.59258947]]
[[1635.69307272]]
[[2088.9308719]]
[[1979.16271324]]
[[2039.80995395]]
[[1852.86630804]]
[[1601.86981607]]
[[2026.76715808]]
[[1670.73569692]]
[[1977.15177075]]
[[1666.8225749]]
[[1859.37315687]]
[[1990.48899934]]
[[2094.47531285]]
[[2010.04862178]]
[[1977.110192]]
[[1849.36812979]]
[[2128.36907761]]
[[1678.81809508]]
[[1918.1172]]
[[1846.30678461]]
[[1372.34196278]]
[[2014.57391795]]
[[1850.65828687]]
[[1731.75930688]]
[[1977.09484208]]
[[1625.62295084]]
[[1519.62421725]]
[[1862.88197555]]
[[2441.72525038]]
[[1983.13934141]]
[[1613.87398148]]
[[2078.21968251]]
[[2087.40852928]]
[[1626.31318239]]
[[2108.61572927]]
[[2138.98126225]]
[[1850.61291337]]
[[2034.30494079]]
[[1629.79110596]]
[[2017.53670061]]
[[1333.03609597]]
[[2026.76715808]]
[[1858.40942195]]
[[2442.40735622]]
[[2583.85675993]]
[[2103.59775474]]
[[2084.5208368]]
[[2593.53802112]]
[[1646.07424061]]
[[2420.76519916]]
[[1645.11983082]]
[[1977.11846746]]
[[1992.18097074]]
[[1365.92700674]]
[[1679.01452817]]
[[2094.94305693]]
[[1655.08586042]]
[[2044.65894963]]
[[2124.61711279]]
[[2583.8112804]]
[[2026.77668102]]
[[1622.59256511]]
[[2046.42285985]]
[[2599.56692071]]
[[2576.17187228]]
[[1612.31963062]]
[[2084.37521266]]
[[2138.99401266]]
[[1375.67561663]]
[[2078.2458286]]
[[2026.77944033]]
[[2014.00627329]]
[[1974.89535614]]
[[1678.81809508]]
[[1433.38514356]]
[[2380.41928135]]
[[2020.39226665]]
[[2020.36403104]]
[[1991.02995823]]
[[2026.7775595]]
[[2140.96034283]]
[[1383.25333432]]
[[2033.24768201]]
[[2031.0942813]]
[[2105.37098809]]
[[1431.79173233]]
[[1846.30678461]]
[[2084.15289952]]
[[1370.03862482]]
[[1645.01597487]]
[[2033.26022042]]
[[1645.03913587]]
[[2200.56404101]]
[[2092.00711739]]
[[1514.17327549]]
[[2139.37127078]]
[[1638.51936547]]
[[2087.40565577]]
[[2130.84198622]]
[[2427.72249171]]
[[2047.51731663]]
[[2427.69294555]]
[[1629.03140325]]
[[2020.40422275]]
[[1729.98628858]]
[[2180.37072674]]
[[1989.95300662]]
[[1820.07684591]]
[[2080.39089983]]
[[1382.94991291]]
[[1643.60457396]]
[[2139.35923621]]
[[1972.71886445]]
[[1714.27242565]]
[[2075.32326588]]
[[1714.4621781]]
[[2124.56719556]]
[[1601.74943765]]
[[2105.46008344]]
[[2014.04844926]]
[[1742.29462354]]
[[1989.16427805]]
[[2014.00981464]]
[[1945.80692108]]
[[1714.29898882]]
[[2175.24624493]]
[[1973.61572263]]
[[2026.76715808]]
[[1820.05790695]]
[[2425.33398053]]
[[2032.5763204]]
[[2180.84418464]]
[[1971.15547983]]
[[1939.73446418]]
[[1820.01328303]]
[[2583.81341841]]
[[1608.74636892]]
[[1388.08811423]]
[[1519.24898311]]
[[1372.91772124]]
[[2429.77050583]]
[[2039.78355032]]
[[1752.32953269]]
[[1971.17387376]]
[[1625.97087894]]
[[1368.47179042]]
[[1968.57212001]]
[[2033.24410681]]
[[2078.37150298]]
[[2076.21423931]]
[[2029.09168534]]
[[2028.36053562]]
[[1388.66041133]]
[[2201.1895186]]
[[2026.77951319]]
[[1971.13985848]]
[[1618.94737473]]
[[2076.12229867]]
[[1851.84784128]]
