[[0.0184352]]
[[36.69455117]]
[[417.80456462]]
[[4.92146738]]
[[0.]]
[[309.45671664]]
[[139.49742274]]
[[3.8165445]]
[[9.01378409]]
[[0.72642885]]
[[1.67741952]]
[[334.93937894]]
[[28.48293834]]
[[261.73961483]]
[[6.15978901]]
[[174.07694413]]
[[265.16517375]]
[[203.60049561]]
[[0.23123887]]
[[312.16557492]]
[[111.89820546]]
[[0.]]
[[0.92626217]]
[[197.34058598]]
[[55.98214207]]
[[43.43161016]]
[[1.50636819]]
[[24.44596884]]
[[134.87998246]]
[[16.88095094]]
[[0.26822796]]
[[53.5541335]]
[[48.1458641]]
[[2.33336392]]
[[0.39877117]]
[[337.22351583]]
[[0.]]
[[356.82707073]]
[[311.90219584]]
[[14.6297495]]
[[409.21718006]]
[[5.23346045]]
[[0.]]
[[362.1433487]]
[[61.5710753]]
[[180.26265687]]
[[0.]]
[[3.68672053]]
[[23.5657291]]
[[431.15405262]]
[[30.46903999]]
[[0.]]
[[0.78775574]]
[[2.82663778]]
[[0.]]
[[31.29342418]]
[[360.24236041]]
[[110.44827563]]
[[189.57395261]]
[[365.97594646]]
[[1.38655248]]
[[288.48002015]]
[[315.65059492]]
[[53.38098678]]
[[0.00562175]]
[[479.99152394]]
[[425.92690343]]
[[8.37835445]]
[[0.15864735]]
[[46.40624548]]
[[0.29358913]]
[[0.1618592]]
[[0.]]
[[5.21646676]]
[[475.02800481]]
[[21.81411426]]
[[189.26683299]]
[[165.18332751]]
[[26.85180643]]
[[1.04100048]]
[[16.89038994]]
[[0.]]
[[24.73954509]]
[[0.02964429]]
[[0.]]
[[0.]]
[[435.00359307]]
[[30.02281663]]
[[142.00404697]]
[[12.91089473]]
[[319.48605831]]
[[276.17123036]]
[[17.18338946]]
[[288.35388846]]
[[375.99853016]]
[[64.64357848]]
[[0.36089983]]
[[27.73524064]]
[[100.46000547]]
[[268.38327239]]
[[86.87861531]]
[[0.]]
[[0.65118014]]
[[261.40657541]]
[[9.31460145]]
[[249.68959598]]
[[147.52896832]]
[[0.11483469]]
[[4.02875027]]
[[323.41884692]]
[[2.45605406]]
[[304.73946715]]
[[0.57970045]]
[[465.5037113]]
[[0.65928431]]
[[17.27597554]]
[[248.65670011]]
[[281.14274085]]
[[390.06329078]]
[[41.75471009]]
[[1.4521368]]
[[0.13363062]]
[[372.91660237]]
[[235.08491408]]
[[9.46304391]]
[[0.60434207]]
[[1.01646176]]
[[2.13099223]]
[[121.08085709]]
[[22.72507077]]
[[10.00166898]]
[[493.69280847]]
[[2.21775785]]
[[31.82261302]]
[[356.03202687]]
[[0.38323942]]
[[13.98959034]]
[[37.21728946]]
[[0.26971461]]
[[280.98496499]]
[[333.17429318]]
[[0.12214573]]
[[11.093947]]
[[409.85416449]]
[[1.85428052]]
[[0.78808458]]
[[39.54058061]]
[[244.8202672]]
[[15.01019634]]
[[59.90215544]]
[[127.01167268]]
[[0.66897665]]
[[348.45878579]]
[[108.15111195]]
[[495.46142343]]
[[0.]]
[[0.00976232]]
[[19.32173282]]
[[296.06565731]]
[[194.65237202]]
[[306.67641284]]
[[218.29743414]]
[[289.09266164]]
[[208.36725265]]
[[130.20503055]]
[[0.]]
[[0.81909549]]
[[296.34109599]]
[[0.37268862]]
[[37.31225841]]
[[35.37240966]]
[[3.21644071]]
[[189.71434995]]
[[285.16303143]]
[[2.253328]]
[[0.66292949]]
[[7.08605564]]
[[341.93321546]]
[[176.57729847]]
[[201.51678474]]
[[19.04973413]]
[[92.00933124]]
[[151.4787993]]
[[307.87744402]]
[[7.09070445]]
[[265.29914956]]
[[76.18497269]]
[[8.81188679]]
[[0.02977085]]
[[156.86992634]]
[[366.73960925]]
[[0.93595796]]
[[170.60530805]]
[[46.03995667]]
[[328.52025295]]
[[239.29619794]]
[[12.15530326]]
[[0.]]
[[341.25905467]]
[[51.33414675]]
[[0.09842106]]
[[1.52684643]]
[[8.44902471]]
[[76.57540025]]
[[350.84624099]]
[[150.7172833]]
[[49.61539629]]
[[31.97460034]]
[[29.45047786]]
[[0.00180982]]
[[0.]]
[[331.99244771]]
[[89.45884064]]
[[0.]]
[[370.3338853]]
[[229.0424876]]
[[375.09556243]]
[[42.11465334]]
[[384.20020236]]
[[236.16796776]]
[[1.07477429]]
[[2.65421024]]
[[338.06912359]]
[[142.93630201]]
[[323.13120157]]
[[0.]]
[[162.92206651]]
[[251.84616723]]
[[152.69072729]]
[[243.08800776]]
[[280.04207344]]
[[0.74977519]]
[[49.8769086]]
[[127.80560929]]
[[22.05791281]]
[[2.32323303]]
[[284.74628228]]
[[1.01364304]]
[[352.76664277]]
[[277.62075929]]
[[0.011876]]
[[181.04884123]]
[[256.21106822]]
[[1.70613847]]
[[271.63815432]]
[[326.44475262]]
[[166.54202633]]
[[7.79705871]]
[[180.53405152]]
[[155.48609122]]
[[3.1786125]]
[[0.]]
[[5.53787785]]
[[17.71160172]]
[[16.98442413]]
[[281.15282612]]
[[0.36619355]]
[[5.74286924]]
[[0.]]
[[61.57817707]]
[[435.77609643]]
[[0.]]
[[78.81845711]]
[[60.68239175]]
[[89.95727468]]
[[306.70551857]]
[[333.38224476]]
[[336.68533263]]
[[8.07740126]]
[[0.]]
[[0.13736277]]
[[0.33537758]]
[[98.47458699]]
[[83.22916892]]
[[86.97893333]]
[[114.40250274]]
[[4.7544126]]
[[353.29962068]]
[[0.09331401]]
[[3.12115969]]
[[2.37476103]]
[[15.69091649]]
[[29.95686532]]
[[2.48903636]]
[[339.10102384]]
[[52.6098669]]
[[3.35635311]]
[[359.79609637]]
[[72.01362033]]
[[9.14810952]]
[[0.]]
[[122.84406347]]
[[252.53184536]]
[[0.]]
[[0.04270656]]
[[323.30626276]]
[[361.93529743]]
[[285.51836533]]
[[0.79599974]]
[[23.19222256]]
[[0.]]
[[0.17322672]]
[[327.47604131]]
[[0.]]
[[0.00476612]]
[[0.35491319]]
[[0.]]
[[349.30516612]]
[[318.64550322]]
[[100.06119774]]
[[0.0608659]]
[[0.]]
[[119.21987763]]
[[185.08620448]]
[[0.55510769]]
[[342.40700263]]
[[112.1194185]]
[[0.]]
[[20.18421274]]
[[43.64398687]]
[[0.07174401]]
[[151.52979462]]
[[47.9917212]]
[[4.21454701]]
[[6.24238497]]
[[3.86178962]]
[[0.]]
[[0.013834]]
[[80.39979482]]
[[234.21533444]]
[[18.5654796]]
[[1.04020159]]
[[3.7352649]]
[[1.48203038]]
[[6.42748695]]
[[154.72956355]]
[[11.26844634]]
[[1.745493]]
[[539.61507165]]
[[1.26540163]]
[[27.76679647]]
[[170.06844767]]
[[0.08190147]]
[[442.47780434]]
[[56.41602761]]
[[0.]]
[[0.02645923]]
[[0.]]
[[0.]]
[[251.04750412]]
[[0.32132506]]
[[0.59395125]]
[[183.92487239]]
[[0.25120561]]
[[451.90391565]]
[[407.4879074]]
[[127.75409801]]
[[1.15035558]]
[[0.94305698]]
[[378.84678726]]
[[77.90720875]]
[[5.7055146]]
[[0.6555258]]
[[49.38589246]]
[[379.174814]]
[[0.]]
[[57.56990955]]
[[333.54971797]]
[[337.16771341]]
[[113.41088025]]
[[0.]]
[[0.]]
[[0.7208127]]
[[0.]]
[[0.20413861]]
[[80.7157802]]
[[33.29421407]]
[[0.]]
[[338.5340006]]
[[240.18084597]]
[[319.50569923]]
[[192.94466873]]
[[17.68016067]]
[[31.05492839]]
[[229.02131936]]
[[13.91395818]]
[[0.]]
[[166.53199023]]
[[0.]]
[[201.93684039]]
[[0.64848173]]
[[6.37291944]]
[[250.30635779]]
[[0.]]
[[0.]]
[[0.87172163]]
[[1.61198374]]
[[66.59025446]]
[[11.06629246]]
[[413.67468475]]
[[6.0050951]]
[[0.]]
[[1.87499506]]
[[337.72366789]]
[[23.5672979]]
[[0.05476604]]
[[0.14470435]]
[[18.45747443]]
[[350.01763521]]
[[0.03005812]]
[[8.23210283]]
[[6.66052837]]
[[7.61001707]]
[[0.07846748]]
[[109.10220324]]
[[0.]]
[[35.68495675]]
[[44.22871729]]
[[32.7682407]]
[[368.70108304]]
[[19.6265541]]
[[186.41974751]]
[[0.]]
[[166.33109342]]
[[201.16690679]]
[[206.96980583]]
[[219.61008811]]
[[498.501166]]
[[249.33106399]]
[[0.4399856]]
[[46.43410439]]
[[11.00042416]]
[[141.37950683]]
[[214.93449952]]
[[8.265435]]
[[10.11353467]]
[[8.49267529]]
[[0.04990304]]
[[390.04504856]]
[[0.71612777]]
[[0.19134964]]
[[2.97428068]]
[[7.33050271]]
[[88.59156946]]
[[20.19551713]]
[[281.60488796]]
[[13.19961195]]
[[161.91516324]]
[[3.688953]]
[[434.98636015]]
[[88.52266585]]
[[0.25834761]]
[[374.31270424]]
[[22.37268197]]
[[0.30804658]]
[[22.24599016]]
[[384.78852283]]
[[15.82830007]]
[[172.38062219]]
[[0.]]
[[429.09642556]]
[[320.31778919]]
[[90.64239482]]
[[3.80525749]]
[[0.]]
[[0.]]
[[138.12881743]]
[[0.27373464]]
[[1.52986148]]
[[324.67378844]]
[[32.9156498]]
[[66.13476661]]
[[0.04078589]]
[[340.39116249]]
[[17.15626482]]
[[0.08638419]]
[[0.6909218]]
[[66.96015599]]
[[0.54620514]]
[[302.68732364]]
[[351.67879381]]
[[15.28623555]]
[[0.25061223]]
[[376.64068422]]
[[0.]]
[[0.57924076]]
[[0.07359591]]
[[494.96264012]]
[[408.38177928]]
[[212.89344824]]
[[22.41519956]]
[[0.07901481]]
[[0.09022284]]
[[0.06364609]]
[[481.86626967]]
[[34.13166654]]
[[130.58311352]]
[[0.18821233]]
[[74.26657298]]
[[38.75180015]]
[[512.94449397]]
[[164.39075083]]
[[1.00566048]]
[[304.87913995]]
[[314.11384684]]
[[26.31909844]]
[[463.31729893]]
[[80.74166574]]
[[268.3577798]]
[[367.52024895]]
[[306.00652999]]
[[0.]]
[[0.]]
[[302.29017365]]
[[374.6643404]]
[[313.17294374]]
[[0.56497419]]
[[5.23122056]]
[[78.28487975]]
[[255.138961]]
[[0.]]
[[0.02145696]]
[[0.]]
[[1.81553418]]
[[0.69549227]]
[[0.23707189]]
[[0.06620312]]
[[25.54904764]]
[[153.46109096]]
[[20.21549715]]
[[170.69167043]]
[[31.15170877]]
[[0.]]
[[336.56003059]]
[[200.62960393]]
[[6.67229013]]
[[184.1998142]]
[[0.]]
[[6.90721481]]
[[0.]]
[[2.22867214]]
[[415.58164159]]
[[1.78116456]]
[[287.08163702]]
[[193.0764067]]
[[0.15134579]]
[[9.55695445]]
[[0.]]
[[92.23449611]]
[[0.25357986]]
[[0.]]
[[2.49266255]]
[[69.18652285]]
[[10.27538807]]
[[0.]]
[[31.29280148]]
[[494.66343821]]
[[357.34605983]]
[[93.36996474]]
[[232.09490809]]
[[6.50363678]]
[[296.83463316]]
[[44.98263248]]
[[104.44406352]]
[[0.26963406]]
[[63.08044932]]
[[0.]]
[[136.84145977]]
[[0.13542293]]
[[26.24040296]]
[[0.]]
[[34.63266283]]
[[0.]]
[[0.]]
[[0.]]
[[1.9934419]]
[[61.56548806]]
[[434.34378812]]
[[0.]]
[[0.04948873]]
[[13.56235599]]
[[351.11028597]]
[[0.02489758]]
[[9.40180252]]
[[80.75643538]]
[[0.]]
[[48.27594962]]
[[282.55843428]]
[[9.05418164]]
[[11.91894234]]
[[0.]]
[[0.21370129]]
[[12.23336578]]
[[460.06679557]]
[[0.01161271]]
[[21.39566813]]
[[0.63739931]]
[[239.95436433]]
[[115.54718757]]
[[88.36980171]]
[[8.82183416]]
[[296.93040591]]
[[10.29355838]]
[[1.32081595]]
[[19.50998299]]
[[266.03840366]]
[[15.84259806]]
[[332.84131216]]
[[179.61847172]]
[[43.52355772]]
[[337.66590344]]
[[27.41376303]]
[[9.095954]]
[[0.16771694]]
[[0.01421463]]
[[104.19937559]]
[[43.87068273]]
[[41.97579203]]
[[0.89187752]]
[[0.34241804]]
[[0.09151606]]
[[150.69189591]]
[[200.59547395]]
[[1.86373067]]
[[0.43323248]]
[[11.35757821]]
[[0.02764822]]
[[2.31175695]]
[[0.]]
[[294.51816631]]
[[3.27132065]]
[[358.7233406]]
[[315.22649554]]
[[14.03693558]]
[[277.50276092]]
[[32.73497738]]
[[0.85976161]]
[[6.96663551]]
[[295.88442808]]
[[6.81403911]]
[[0.29287146]]
[[1.14190641]]
[[36.93727843]]
[[242.72023581]]
[[0.07392975]]
[[0.10371265]]
[[153.82216834]]
[[0.]]
[[9.69042199]]
[[2.14569021]]
[[2.06802481]]
[[0.9437452]]
[[0.]]
[[38.57499429]]
[[432.78896428]]
[[282.7055687]]
[[200.0421821]]
[[199.3384743]]
[[22.83549305]]
[[0.]]
[[14.08555292]]
[[12.51512352]]
[[12.18959584]]
[[197.20123677]]
[[50.08356082]]
[[49.81359966]]
[[0.02201666]]
[[127.67778063]]
[[208.32041524]]
[[0.1359039]]
[[11.78077071]]
[[19.36037209]]
[[0.]]
[[0.00249929]]
[[206.3681874]]
[[388.79114334]]
[[0.]]
[[81.32137059]]
[[2.09043544]]
[[0.15833115]]
[[297.83449916]]
[[246.81767142]]
[[56.3399711]]
[[111.60215556]]
[[0.]]
[[0.56727761]]
[[150.27405773]]
[[343.49203645]]
[[127.51399429]]
[[51.60880989]]
[[46.64203709]]
[[11.79218862]]
[[541.08432157]]
[[0.442591]]
[[425.13272453]]
[[61.23631225]]
[[230.84146267]]
[[0.]]
[[16.70084879]]
[[23.37516996]]
[[7.32565999]]
[[256.94044296]]
[[195.64381536]]
[[0.52019999]]
[[201.61481845]]
[[76.89703907]]
[[19.81334336]]
[[9.14325311]]
[[0.]]
[[6.26566741]]
[[166.29628515]]
[[0.]]
[[285.60792873]]
[[1.8304747]]
[[0.74276544]]
[[42.8900271]]
[[59.18358641]]
[[13.72087956]]
[[397.9675572]]
[[218.07586263]]
[[1.95847079]]
[[1.24470747]]
[[0.80045314]]
[[159.5509076]]
[[0.00193062]]
[[477.69902159]]
[[451.23002927]]
[[119.50954263]]
[[1.8167798]]
[[0.2573526]]
[[141.90572607]]
[[88.38644424]]
[[4.8765475]]
[[14.66905819]]
[[172.78659134]]
[[0.]]
[[0.27167379]]
[[0.01587077]]
[[0.]]
[[16.45846786]]
[[2.07330826]]
[[358.64762083]]
[[359.80810036]]
[[7.52897781]]
[[338.0483628]]
[[0.12639681]]
[[490.92452771]]
[[160.90950174]]
[[0.00724304]]
[[342.32037799]]
[[0.04405003]]
[[89.13443279]]
[[4.90700858]]
[[138.87731924]]
[[0.67368871]]
[[8.11773943]]
[[60.5800935]]
[[328.88439693]]
[[8.74417637]]
[[339.05902084]]
[[0.20984414]]
[[0.01391844]]
[[193.88664037]]
[[8.5917001]]
[[0.08834021]]
[[244.07629127]]
[[294.49462764]]
[[40.62119715]]
[[138.49740215]]
[[424.42943649]]
[[31.30122297]]
[[92.57344953]]
[[437.95717447]]
[[49.90165629]]
[[189.17522903]]
[[20.04394895]]
[[0.]]
[[4.28707325]]
[[0.]]
[[401.09928015]]
[[374.38988537]]
[[0.56592202]]
[[377.13613987]]
[[279.83627706]]
[[276.40163635]]
[[80.5889474]]
[[2.54229158]]
[[4.96912023]]
[[368.6418641]]
[[212.42627208]]
[[58.1222368]]
[[121.84338007]]
[[415.90695618]]
[[277.27109437]]
[[16.80564358]]
[[76.52264706]]
[[232.67446458]]
[[0.]]
[[8.91270799]]
[[0.04864774]]
[[0.01992776]]
[[89.90290896]]
[[0.]]
[[346.40705263]]
[[5.73516862]]
[[0.]]
[[152.09659155]]
[[49.52381101]]
[[307.12170597]]
[[4.00215139]]
[[9.11881891]]
[[385.38334041]]
[[0.]]
[[157.33004388]]
[[0.53284229]]
[[286.32462134]]
[[66.25579593]]
[[349.25058431]]
[[256.4833363]]
[[0.]]
[[297.45358418]]
[[56.66973172]]
[[364.51501698]]
[[368.75382952]]
[[0.]]
[[128.03230632]]
[[246.71323806]]
[[0.02162734]]
[[433.39798523]]
[[0.11078917]]
[[0.]]
[[27.05809181]]
[[0.]]
[[1.56924899]]
[[0.]]
[[367.56771587]]
[[0.]]
[[224.61488953]]
[[0.26576924]]
[[0.10100997]]
[[35.94001925]]
[[8.60890284]]
[[208.34904204]]
[[68.48104861]]
[[0.55209579]]
[[80.63009573]]
[[350.97234237]]
[[344.98250684]]
[[284.77042419]]
[[1.02359838]]
[[456.31275879]]
[[0.26968725]]
[[0.09478473]]
[[439.32607484]]
[[330.10703891]]
[[3.18339001]]
[[0.]]
[[255.81648499]]
[[40.88658372]]
[[76.68368061]]
[[201.73491001]]
[[0.90839356]]
[[2.04190221]]
[[0.63681231]]
[[9.53579042]]
[[0.09248629]]
[[393.92887961]]
[[86.76463769]]
[[1.94718998]]
[[0.]]
[[79.93319464]]
[[358.33472708]]
[[0.00897549]]
[[235.81181403]]
[[232.36131258]]
[[262.48746076]]
[[2.18710792]]
[[4.42127774]]
[[2.75090645]]
[[0.36138759]]
[[4.02156101]]
[[0.23109477]]
[[226.70221698]]
[[283.65904274]]
[[3.90868909]]
[[268.6463522]]
[[4.98267698]]
[[9.36199555]]
[[0.3691373]]
[[0.70134463]]
[[1.83834841]]
[[284.70546114]]
[[0.40754969]]
[[115.39073436]]
[[204.20269279]]
[[125.44342909]]
[[383.54449812]]
[[4.15428299]]
[[18.95222363]]
[[45.92628842]]
[[3.14450268]]
[[0.]]
[[410.05878902]]
[[60.0597414]]
[[0.]]
[[72.85142939]]
[[1.66241027]]
[[314.23307786]]
[[34.52520648]]
[[349.1316483]]
[[234.41114395]]
[[4.45866229]]
[[12.36989132]]
[[369.09555093]]
[[380.88665331]]
[[0.]]
[[3.57266349]]
[[0.03923155]]
[[71.78790428]]
[[389.299425]]
[[36.34221331]]
[[9.33204776]]
[[363.73090092]]
[[0.02738853]]
[[73.57912785]]
[[378.44869888]]
[[61.13576587]]
[[123.10466751]]
[[0.48000034]]
[[0.22527128]]
[[0.02189935]]
[[0.21497755]]
[[0.02128119]]
[[0.]]
[[74.6458589]]
[[17.25457908]]
[[2.14921489]]
[[224.78421103]]
[[1.77897575]]
[[0.]]
[[358.57782777]]
[[184.21221275]]
[[7.33552919]]
[[212.86048348]]
[[426.92595859]]
[[111.71395504]]
[[112.90679278]]
[[77.34343615]]
[[395.31705131]]
[[1.11604428]]
[[0.30137857]]
[[451.93267298]]
[[75.21502395]]
[[351.39967075]]
[[0.]]
[[1.55207978]]
[[30.06564258]]
[[177.23879132]]
[[142.14117832]]
[[0.]]
[[14.24107173]]
[[278.57790376]]
[[296.0638544]]
[[96.51359046]]
[[0.]]
[[259.96932208]]
[[9.92282991]]
[[4.70775382]]
[[334.51339387]]
[[0.11307425]]
[[0.64197453]]
[[167.92577331]]
[[48.59691326]]
[[369.43175623]]
[[113.04214354]]
[[0.02581924]]
[[8.51445231]]
[[4.20675723]]
[[1.61861592]]
[[0.21952559]]
[[271.39466793]]
[[1.08231916]]
[[49.5878339]]
[[172.11925577]]
[[7.30261128]]
[[430.80658894]]
[[0.18248311]]
[[371.52340663]]
[[239.89882479]]
[[441.22673735]]
[[0.30096916]]
[[67.26989759]]
[[370.04196235]]
[[7.57783051]]
[[0.03324554]]
[[6.81369734]]
[[42.72565886]]
[[0.]]
[[0.22593694]]
[[405.05541129]]
[[1.59151607]]
[[255.7778695]]
[[2.69638885]]
[[3.08516359]]
[[0.15798903]]
[[252.10926535]]
[[101.24259977]]
[[254.30825832]]
[[1.93659866]]
[[2.6037018]]
[[0.0002167]]
[[296.51368211]]
[[0.10670096]]
[[389.37124744]]
[[77.13704996]]
[[70.37345539]]
[[346.45023762]]
[[28.8599794]]
[[127.8525543]]
[[0.56487286]]
[[1.39415762]]
[[0.]]
[[91.58660741]]
[[163.65323419]]
[[36.84433876]]
[[44.65400217]]
[[409.31329379]]
[[48.00403623]]
[[139.96930316]]
[[402.70291425]]
[[376.8369234]]
[[310.36522016]]
[[183.94136239]]
[[0.20611817]]
[[45.99137041]]
[[169.63536847]]
[[372.12550965]]
[[0.04093112]]
[[386.76305204]]
[[388.16079735]]
[[396.7818554]]
[[9.98348302]]
[[348.21485436]]
[[0.04550502]]
[[0.]]
[[0.04143071]]
[[0.]]
[[37.06341898]]
[[0.]]
[[22.2923454]]
[[0.50645105]]
[[3.58421924]]
[[1.94249085]]
[[0.52393146]]
[[2.12631507]]
[[0.]]
[[8.50501987]]
[[128.51977943]]
[[47.12724395]]
[[45.60375453]]
[[113.178641]]
[[0.39733996]]
[[145.72784956]]
[[52.41992016]]
[[3.01739987]]
[[0.0028025]]
[[298.40085207]]
[[314.46906249]]
[[328.95661456]]
[[0.]]
[[385.97102625]]
[[0.]]
[[92.32497474]]
[[0.25820487]]
[[11.46035019]]
[[19.28595527]]
[[0.]]
[[21.51896657]]
[[27.35478932]]
[[0.65407357]]
[[94.89982066]]
[[102.33437739]]
[[41.45600243]]
[[6.20340284]]
[[371.81205476]]
[[162.97296939]]
[[103.43819201]]
[[236.26081349]]
[[436.85850771]]
[[271.35603933]]
[[180.02187769]]
[[47.98908971]]
[[7.8243378]]
[[108.05201314]]
[[32.90318721]]
[[485.97368521]]
[[438.19143852]]
[[302.5234472]]
[[113.63031001]]
[[67.32514703]]
[[265.23726838]]
[[177.61187168]]
[[103.78750329]]
[[0.04563387]]
[[1.2546329]]
[[196.64990371]]
[[0.65503445]]
[[221.59638583]]
[[0.71714889]]
[[7.15626751]]
[[235.01873648]]
[[83.19832154]]
[[0.01219725]]
[[12.77857238]]
[[218.87961478]]
[[51.49541809]]
[[400.89485805]]
[[63.93795074]]
[[0.54888354]]
[[361.36465302]]
[[4.06805579]]
[[0.46998358]]
[[0.]]
[[269.36795883]]
[[29.93157628]]
[[0.53281841]]
[[108.04242993]]
[[47.77991582]]
[[233.8753377]]
[[432.31299381]]
[[0.63440538]]
[[180.83486153]]
[[275.59126188]]
[[14.08850505]]
[[45.65510438]]
[[152.13224756]]
[[0.81714172]]
[[17.7260266]]
[[86.64162011]]
[[3.55654019]]
[[237.18721146]]
[[0.]]
[[0.35233092]]
[[53.99213067]]
[[64.92342259]]
[[1.97146292]]
[[417.85121799]]
[[0.6934168]]
[[0.61179566]]
[[222.69739464]]
[[2.59729473]]
[[22.23334318]]
[[159.22143052]]
[[0.10041595]]
[[229.52134468]]
[[229.48917708]]
[[84.42998932]]
[[34.02081388]]
[[5.75119315]]
[[0.]]
[[118.92033549]]
[[444.89075366]]
[[397.04217603]]
[[29.72736281]]
[[24.21025279]]
[[15.9009115]]
[[286.35389394]]
[[365.80879085]]
[[18.38539289]]
[[297.10360194]]
[[9.36350133]]
[[4.35335407]]
[[47.51372276]]
[[0.]]
[[0.01990803]]
[[1.75069369]]
[[49.26835125]]
[[0.]]
[[0.1966539]]
[[277.64171103]]
[[265.78671029]]
[[40.5980961]]
[[0.28641464]]
[[0.]]
[[375.0803048]]
[[1.33570472]]
[[30.85422923]]
[[25.36651383]]
[[193.95615267]]
[[289.2347]]
[[6.3100274]]
[[6.33649947]]
[[4.59336839]]
[[3.64796026]]
[[0.49177508]]
[[413.97831097]]
[[0.77432435]]
[[0.56968495]]
[[46.38215712]]
[[0.95671839]]
[[8.52338023]]
[[129.63684762]]
[[287.89227067]]
[[0.19031272]]
[[335.61031492]]
[[17.66275295]]
[[0.13660342]]
[[319.82679022]]
[[1.21844547]]
[[444.03034553]]
[[357.24935853]]
[[5.42020774]]
[[0.1547457]]
[[0.17150761]]
[[447.46809011]]
[[17.03923966]]
[[1.27240243]]
[[0.]]
[[0.98622211]]
[[145.7398566]]
[[0.91143919]]
[[3.26689272]]
[[120.15995714]]
[[196.37366024]]
[[0.47427262]]
[[0.]]
[[37.03133035]]
[[20.42694153]]
[[4.84987996]]
[[0.]]
[[159.83225116]]
[[0.]]
[[1.60443213]]
[[0.12955575]]
[[10.53322809]]
[[104.91334125]]
[[3.35967008]]
[[0.36182897]]
[[2.61302165]]
[[0.]]
[[410.20128369]]
[[0.06084399]]
[[0.10117885]]
[[3.36425856]]
[[350.67110354]]
[[262.97558463]]
[[0.75607113]]
[[66.78624533]]
[[352.02197209]]
[[517.80261736]]
[[231.60662307]]
[[2.68270645]]
[[133.27647079]]
[[409.37635234]]
[[1.0187137]]
[[0.]]
[[0.20257577]]
[[29.21216622]]
[[0.00166749]]
[[1.62342302]]
[[428.99338662]]
[[4.52745868]]
[[246.49326367]]
[[0.]]
[[13.84317986]]
[[1.02665207]]
[[7.89117309]]
[[0.]]
[[328.57824154]]
[[0.]]
[[0.11570756]]
[[0.]]
[[2.78250409]]
[[0.]]
[[413.98285049]]
[[0.13565917]]
[[34.55008592]]
[[3.91009879]]
[[161.8076831]]
[[1.18724619]]
[[0.]]
[[344.26518786]]
[[0.]]
[[24.35681601]]
[[13.42523565]]
[[42.58307709]]
[[66.57868]]
[[0.53956812]]
[[0.64035258]]
[[347.88592425]]
[[148.8707838]]
[[0.65199294]]
[[20.12111699]]
[[0.15632079]]
[[105.04958729]]
[[0.65477298]]
[[3.65623924]]
[[295.92252251]]
[[164.87970067]]
[[38.58857879]]
[[78.59784721]]
[[0.10676136]]
[[244.75564915]]
[[266.88764895]]
[[38.48730833]]
[[8.11719513]]
[[30.72356769]]
[[0.7327984]]
[[17.30538057]]
[[104.0921653]]
[[284.27286134]]
[[0.35751886]]
[[0.51242455]]
[[158.93650182]]
[[0.]]
[[236.80249714]]
[[457.20192736]]
[[0.]]
[[0.78646544]]
[[1.65043156]]
[[11.20247057]]
[[522.30863172]]
[[79.35118247]]
[[8.27222656]]
[[331.52456358]]
[[1.28940766]]
[[185.32987685]]
[[23.42519895]]
[[336.79011868]]
[[224.9687818]]
[[103.61812281]]
[[4.48370645]]
[[384.53863986]]
[[19.30304167]]
[[83.87640099]]
[[0.12652589]]
[[15.24091532]]
[[131.55714877]]
[[41.77655906]]
[[0.]]
[[0.45570318]]
[[316.22544364]]
[[153.88179593]]
[[273.18686858]]
[[15.42290746]]
[[443.83294162]]
[[256.77270328]]
[[6.89394979]]
[[30.05760772]]
[[384.62889534]]
[[0.70164427]]
[[0.60079957]]
[[175.02626415]]
[[399.14116722]]
[[7.54536851]]
[[0.81040052]]
[[1.49715314]]
[[471.40388668]]
[[0.]]
[[64.58889281]]
[[377.28991584]]
[[266.09690088]]
[[7.94906804]]
[[102.62121016]]
[[322.99080339]]
[[4.3190996]]
[[259.22198976]]
[[2.38730862]]
[[0.0017374]]
[[457.47038153]]
[[32.55945621]]
[[0.]]
[[10.05150553]]
[[0.01990723]]
[[290.7461581]]
[[94.24868419]]
[[0.33355371]]
[[0.]]
[[348.64150392]]
[[317.72713047]]
[[0.54450631]]
[[24.06899695]]
[[225.12444598]]
[[17.31084549]]
[[1.09456522]]
[[1.12162088]]
[[239.65615028]]
[[60.77650749]]
[[85.54156575]]
[[19.43158007]]
[[0.]]
[[0.]]
[[135.16269083]]
[[32.45342315]]
[[0.18616293]]
[[0.]]
[[17.53500471]]
[[381.88919647]]
[[378.32171769]]
[[68.70833066]]
[[94.55123604]]
[[64.55329776]]
[[153.74310106]]
[[0.39961307]]
[[0.]]
[[0.]]
[[282.77866875]]
[[300.69924265]]
[[141.32969424]]
[[2.44227059]]
[[217.78285466]]
[[0.]]
[[0.]]
[[0.21902422]]
[[171.61010884]]
[[129.57225704]]
[[16.39072285]]
[[118.11491614]]
[[256.10308214]]
[[0.36326402]]
[[55.05610328]]
[[4.96741945]]
[[333.55154858]]
[[0.0351719]]
[[96.68470007]]
[[11.82763198]]
[[116.84584733]]
[[172.06085135]]
[[0.93829814]]
[[3.59012609]]
[[323.58342237]]
[[0.]]
[[175.17766843]]
[[60.77610563]]
[[6.62349643]]
[[332.75176067]]
[[132.39362463]]
[[0.]]
[[4.52959667]]
[[367.08114211]]
[[343.2259234]]
[[54.24719519]]
[[72.03996483]]
[[92.39106671]]
[[101.15516374]]
[[7.14146354]]
[[126.23483595]]
[[0.15224837]]
[[0.01701356]]
[[0.]]
[[92.02339355]]
[[324.82681273]]
[[330.21847306]]
[[410.13006038]]
[[531.81137989]]
[[0.]]
[[0.52665606]]
[[397.46089294]]
[[44.59971339]]
[[312.42614327]]
[[4.48881306]]
[[0.00574229]]
[[11.07507102]]
[[277.45216909]]
[[0.11559499]]
[[0.]]
[[1.76460961]]
[[0.01691755]]
[[0.]]
[[48.23824644]]
[[1.39813746]]
[[1.74332586]]
[[228.96346865]]
[[111.0036828]]
[[99.80289401]]
[[20.80583356]]
[[0.17375484]]
[[0.]]
[[4.89053542]]
[[136.32959362]]
[[0.07869859]]
[[2.28077162]]
[[387.92542885]]
[[64.32847383]]
[[266.09268519]]
[[124.98606182]]
[[224.69417475]]
[[0.22902553]]
[[0.20987587]]
[[19.99870155]]
[[310.30293065]]
[[382.51413405]]
[[178.72475564]]
[[0.]]
[[25.92896141]]
[[0.]]
[[0.]]
[[3.34149527]]
[[0.03083312]]
[[50.24066445]]
[[327.64293633]]
[[0.04052921]]
[[0.0718625]]
[[276.81386974]]
[[415.63199868]]
[[319.74804945]]
[[417.58202092]]
[[12.17828579]]
[[0.04700436]]
[[0.05423518]]
[[2.12765678]]
[[258.19038424]]
[[21.35765342]]
[[7.22385475]]
[[0.76678044]]
[[142.11538452]]
[[0.]]
[[72.74387593]]
[[0.]]
[[19.6333526]]
[[294.90395043]]
[[198.93950276]]
[[331.9904456]]
[[31.97488529]]
[[287.54386566]]
[[0.1071729]]
[[197.27948987]]
[[166.7631165]]
[[116.84132667]]
[[0.]]
[[0.0694759]]
[[2.73899746]]
[[0.]]
[[157.70799982]]
[[0.]]
[[339.0209978]]
[[0.82217982]]
[[7.32301568]]
[[0.]]
[[1.37922751]]
[[427.38610119]]
[[0.]]
[[324.35674742]]
[[0.01905955]]
[[56.00131001]]
[[0.1422831]]
[[45.50670777]]
[[483.02505358]]
[[177.86536833]]
[[228.90096657]]
[[112.11530917]]
[[355.74374826]]
[[316.52454506]]
[[5.94475394]]
[[9.3297051]]
[[322.97115724]]
[[135.80077843]]
[[0.2260983]]
[[35.17622424]]
[[365.61040147]]
[[8.72571894]]
[[0.05887256]]
[[1.02557383]]
[[44.04421168]]
[[217.14302083]]
[[0.92069376]]
[[0.01617698]]
[[255.18555488]]
[[0.]]
[[0.]]
[[0.00590868]]
[[9.83017541]]
[[0.]]
[[387.37962695]]
[[336.01312227]]
[[235.18175362]]
[[0.01792573]]
[[184.03714674]]
[[22.26165685]]
[[28.84717453]]
[[64.54184855]]
[[148.90828946]]
[[17.30079811]]
[[9.5191023]]
[[0.10435841]]
[[0.]]
[[57.67811788]]
[[59.89436905]]
[[246.53999583]]
[[274.96731141]]
[[52.45880464]]
[[31.0640413]]
[[0.01101979]]
[[0.05291628]]
[[139.95391353]]
[[109.47794965]]
[[12.36926063]]
[[47.40698043]]
[[58.22773438]]
[[0.10901992]]
[[497.93490347]]
[[5.55058225]]
[[243.17781436]]
[[322.52491857]]
[[158.67737]]
[[258.83051516]]
[[0.18067153]]
[[34.8402361]]
[[0.]]
[[30.54211327]]
[[0.]]
[[267.91343354]]
[[8.71847373]]
[[104.3461898]]
[[0.43663064]]
[[0.19579531]]
[[140.32298716]]
[[280.43431779]]
[[0.]]
[[0.]]
[[8.79667369]]
[[257.9909821]]
[[486.54761022]]
[[0.40797212]]
[[0.75069204]]
[[0.]]
[[0.]]
[[32.71533224]]
[[420.23016616]]
[[2.32136464]]
[[0.15370618]]
[[169.65888004]]
[[16.17483701]]
[[0.]]
[[0.]]
[[0.03112029]]
[[229.32416444]]
[[183.05145011]]
[[3.47773307]]
[[0.00388548]]
[[288.86273344]]
[[80.18968798]]
[[0.32059874]]
[[26.77358194]]
[[406.99280555]]
[[386.45546757]]
[[0.]]
[[0.60045616]]
[[150.86483922]]
[[326.98065801]]
[[18.86969106]]
[[310.32333082]]
[[211.10600864]]
[[83.35301922]]
[[95.8455819]]
[[11.8227185]]
[[238.46352378]]
[[0.03553195]]
[[16.38050365]]
[[0.3822143]]
[[153.95231581]]
[[11.83780136]]
[[56.81372963]]
[[277.01023023]]
[[4.50164336]]
[[17.79994204]]
[[4.98752565]]
[[464.40650449]]
[[1.57831692]]
[[0.]]
[[400.52596169]]
[[43.22245404]]
[[6.0584849]]
[[8.59283515]]
[[51.2068168]]
[[0.]]
[[18.27438653]]
[[8.23403585]]
[[3.34206624]]
[[0.]]
[[23.11091297]]
[[303.64665959]]
[[269.6935289]]
[[0.]]
[[4.74824018]]
[[0.]]
[[0.]]
[[238.03217944]]
[[305.75073565]]
[[123.61171938]]
[[3.91863214]]
[[0.]]
[[0.13388002]]
[[0.]]
[[139.85867758]]
[[0.]]
[[435.12921851]]
[[358.15955953]]
[[7.72648827]]
[[326.37063445]]
[[317.06467329]]
[[1.32227755]]
[[303.80810904]]
[[4.66115514]]
[[0.01685968]]
[[387.70315985]]
[[13.03401783]]
[[0.]]
[[2.73950912]]
[[160.18034921]]
[[0.71936749]]
[[24.30645298]]
[[2.79389251]]
[[0.00599063]]
[[1.13720678]]
[[25.79709048]]
[[217.35615589]]
[[80.02190361]]
[[2.84064868]]
[[38.32865203]]
[[0.18127507]]
[[309.73954978]]
[[324.59386552]]
[[102.39213554]]
[[0.00616487]]
[[76.52823175]]
[[9.02583489]]
[[333.48878876]]
[[123.02112516]]
[[20.83992638]]
[[14.8379718]]
[[63.42618475]]
[[0.12487049]]
[[290.21517309]]
[[184.64888443]]
[[0.]]
[[0.80202168]]
[[0.64479603]]
[[74.48327064]]
[[128.23377537]]
[[1.07851379]]
[[90.72627614]]
[[2.75643402]]
[[0.83618975]]
[[0.04628642]]
[[3.14553368]]
[[38.14820668]]
[[0.21299258]]
[[0.46110213]]
[[0.77634172]]
[[115.88436959]]
[[298.91559393]]
[[182.5826757]]
[[0.]]
[[64.63916734]]
[[0.73943145]]
[[0.06833556]]
[[8.45337432]]
[[310.01035659]]
[[0.]]
[[0.]]
[[223.91415001]]
[[256.44115988]]
[[304.72870931]]
[[26.7973936]]
[[111.9351121]]
[[19.58465344]]
[[8.15862628]]
[[0.]]
[[13.53327058]]
[[0.52643778]]
[[6.4547467]]
[[302.80128]]
[[432.96946755]]
[[5.63274997]]
[[344.13002284]]
[[59.15284525]]
[[0.]]
[[190.04291759]]
[[425.8562754]]
[[2.34795638]]
[[425.62129064]]
[[17.33735852]]
[[80.7436727]]
[[327.62762459]]
[[451.34727899]]
[[0.]]
[[142.21324847]]
[[392.28031434]]
[[170.7233915]]
[[0.07908063]]
[[362.83308196]]
[[0.49506255]]
[[396.45622428]]
[[72.43456541]]
[[310.60726586]]
[[3.81975381]]
[[494.3423828]]
[[44.66523044]]
[[480.84343709]]
[[352.64657166]]
[[161.5695114]]
[[284.12839889]]
[[85.94914945]]
[[381.39843421]]
[[0.]]
[[298.40738849]]
[[0.32880653]]
[[398.53285361]]
[[0.]]
[[1.61630471]]
[[5.4277969]]
[[321.53212706]]
[[18.47427133]]
[[53.92078011]]
[[0.]]
[[263.50017966]]
[[37.67942183]]
[[0.17012918]]
[[0.]]
[[25.35067179]]
[[37.03156084]]
[[1.87655979]]
[[24.99155271]]
[[0.]]
[[0.03170606]]
[[230.70918552]]
[[0.97921868]]
[[17.08508573]]
[[362.86102553]]
[[38.02806979]]
[[364.46600876]]
[[2.17809758]]
[[0.]]
[[20.88064096]]
[[0.]]
[[30.232436]]
[[313.49887635]]
[[19.92404425]]
[[120.1033553]]
[[0.00193841]]
[[419.95649895]]
[[7.63760733]]
[[0.]]
[[380.13956088]]
[[264.90584009]]
[[254.31742135]]
[[354.06523535]]
[[49.79207059]]
[[479.67578829]]
[[207.25437485]]
[[119.94438826]]
[[0.03922973]]
[[361.82290967]]
[[0.41137807]]
[[14.66866781]]
[[1.28013804]]
[[0.24256999]]
[[143.46044774]]
[[4.70818728]]
[[32.37381984]]
[[159.41260275]]
[[222.61872598]]
[[274.67417172]]
[[362.06679173]]
[[0.30044921]]
[[0.]]
[[2.48974726]]
[[13.84942869]]
[[131.63349985]]
[[0.61506067]]
[[333.51008299]]
[[333.31270878]]
[[0.]]
[[0.28431925]]
[[388.55122553]]
[[9.77420063]]
[[0.03484618]]
[[249.65802309]]
[[75.20422679]]
[[0.]]
[[449.93996914]]
[[291.01653026]]
[[0.00028497]]
[[4.55920276]]
[[32.69068493]]
[[32.74652293]]
[[0.20794263]]
[[14.7410533]]
[[398.95295413]]
[[107.88465515]]
[[0.]]
[[9.852856]]
[[0.00431572]]
[[9.33413292]]
[[19.36539134]]
[[72.79601798]]
[[0.34722572]]
[[332.97460585]]
[[0.]]
[[320.03949755]]
[[9.41660567]]
[[9.01016386]]
[[241.90061753]]
[[16.86084623]]
[[51.9482293]]
[[0.43904676]]
[[11.51787481]]
[[7.73124225]]
[[408.73535338]]
[[178.76867223]]
[[19.33436861]]
[[21.38931043]]
[[2.24400518]]
[[4.44689477]]
[[386.129894]]
[[310.75346327]]
[[0.]]
[[72.6886533]]
[[543.57362379]]
[[6.22448693]]
[[3.64024912]]
[[402.85198053]]
[[44.22865863]]
[[35.63259991]]
[[303.2684043]]
[[0.02160078]]
[[389.71856858]]
[[501.32372438]]
[[497.34915859]]
[[0.]]
[[0.23967182]]
[[18.8503743]]
[[0.96823969]]
[[21.69512074]]
[[0.51052328]]
[[0.04262107]]
[[308.16732941]]
[[45.5623705]]
[[29.80596349]]
[[0.01043387]]
[[0.]]
[[0.12236368]]
[[426.25780006]]
[[12.53330474]]
[[25.71186275]]
[[116.72476049]]
[[0.]]
[[136.4444766]]
[[67.72214762]]
[[0.11761625]]
[[0.]]
[[0.58840117]]
[[379.94762697]]
[[21.10486405]]
[[0.03477001]]
[[0.]]
[[208.266319]]
[[129.76967681]]
[[18.36540164]]
[[0.]]
[[0.]]
[[252.23385727]]
[[282.94556326]]
[[463.09885573]]
[[307.53346789]]
[[1.83668467]]
[[16.30276916]]
[[475.35389043]]
[[374.25055603]]
[[12.7753194]]
[[26.36812951]]
[[0.249746]]
[[0.]]
[[302.25121663]]
[[1.57362861]]
[[2.11172023]]
[[1.9085644]]
[[4.88388089]]
[[303.35064603]]
[[274.75337494]]
[[33.058746]]
[[0.03662592]]
[[14.7460613]]
[[280.3680014]]
[[0.65394695]]
[[0.80020413]]
[[89.21288259]]
[[9.24897575]]
[[375.84590887]]
[[163.74639009]]
[[224.90755683]]
[[57.48660052]]
[[0.]]
[[0.43027714]]
[[396.9117388]]
[[0.04173435]]
[[33.50482904]]
[[0.97234949]]
[[0.08571275]]
