[[1956.02181338]]
[[1576.22130889]]
[[1999.34979504]]
[[1777.55535461]]
[[1692.3914339]]
[[1993.63515138]]
[[1633.29027974]]
[[1586.57418783]]
[[1853.40877997]]
[[1978.26658608]]
[[1827.00896907]]
[[2004.04495046]]
[[1556.79374177]]
[[1886.05733101]]
[[1627.8885479]]
[[1723.55910052]]
[[1937.22021675]]
[[1882.35153101]]
[[1791.30570849]]
[[2175.80527375]]
[[2548.71437084]]
[[1662.06378804]]
[[2144.6789347]]
[[2341.85525314]]
[[2193.51888595]]
[[1786.6055637]]
[[1619.27321588]]
[[1849.664194]]
[[1706.39191034]]
[[2089.53534918]]
[[1835.85516825]]
[[2112.20497967]]
[[1668.09789903]]
[[2044.98991952]]
[[1954.14321206]]
[[1659.39671776]]
[[2261.24875045]]
[[1788.61599316]]
[[1730.88769322]]
[[1785.23394232]]
[[1989.95169807]]
[[2068.3220554]]
[[1753.75101932]]
[[2076.12381844]]
[[1508.2968937]]
[[1939.27087541]]
[[1806.90409928]]
[[1813.52637714]]
[[1905.5861812]]
[[1542.9844005]]
[[2594.47431777]]
[[1687.6195859]]
[[1617.60173544]]
[[2005.65450538]]
[[2293.71828899]]
[[1574.11394913]]
[[2027.62450593]]
[[1483.83924665]]
[[1820.20278613]]
[[2114.0823762]]
[[1383.72854455]]
[[2559.28210673]]
[[2112.21367852]]
[[1735.49755104]]
[[1705.6735789]]
[[1604.30076734]]
[[1798.54804971]]
[[1624.7145384]]
[[1768.02078413]]
[[2132.48406935]]
[[1597.01106708]]
[[2222.77685313]]
[[2329.80630664]]
[[1859.97130466]]
[[2066.33397065]]
[[1988.30709704]]
[[1971.31326884]]
[[1652.56730539]]
[[1980.11588204]]
[[1868.61491431]]
[[2042.70469822]]
[[2114.55839418]]
[[1806.02137463]]
[[1787.92673242]]
[[2021.40157448]]
[[1814.33908793]]
[[1663.84610536]]
[[2176.12155281]]
[[1778.0713494]]
[[1736.14328122]]
[[1663.71146913]]
[[1726.99126168]]
[[1837.76555209]]
[[1780.63258894]]
[[2499.29801726]]
[[1711.45606527]]
[[2222.54542159]]
[[1562.96014054]]
[[1825.28675685]]
[[2281.65468868]]
[[1714.21233044]]
[[2285.92580235]]
[[1889.2909656]]
[[1736.40932144]]
[[2238.66904659]]
[[1997.41055181]]
[[2222.41769118]]
[[1854.50271139]]
[[1840.65089073]]
[[2283.13550895]]
[[1965.38468118]]
[[2218.13471706]]
[[1699.64710599]]
[[2040.55220671]]
[[1637.9592132]]
[[2210.24891252]]
[[1898.52191728]]
[[1693.53393567]]
[[1922.36930797]]
[[2147.96529208]]
[[1547.15784092]]
[[2254.11374487]]
[[1554.70805836]]
[[2151.95952992]]
[[1965.62363232]]
[[1553.03445902]]
[[2471.18041263]]
[[1792.90468694]]
[[1817.35948116]]
[[1970.48238363]]
[[1672.3099757]]
[[2231.09460692]]
[[1996.12814635]]
[[2028.99615664]]
[[1904.83196094]]
[[2121.05598816]]
[[2296.39755007]]
[[1625.63901406]]
[[2166.34745471]]
[[2248.06242129]]
[[1776.33469845]]
[[2300.56115753]]
[[2231.35133016]]
[[2472.27703945]]
[[1753.52234706]]
[[1571.03240538]]
[[2031.28556343]]
[[2007.99956072]]
[[1700.69459064]]
[[2396.37249806]]
[[1904.68323652]]
[[1893.1276019]]
[[1982.56032639]]
[[1992.72438091]]
[[2226.54858941]]
[[1670.42060459]]
[[2186.45029177]]
[[2371.96290216]]
[[1977.19561309]]
[[1670.96229794]]
[[2294.25324419]]
[[1787.93272647]]
[[1818.59791964]]
[[2212.74025126]]
[[1880.88097708]]
[[1723.81471159]]
[[1582.96476733]]
[[2331.48936888]]
[[2051.11466549]]
[[1957.48627402]]
[[1850.85696003]]
[[2231.15524481]]
[[1863.3786986]]
[[2060.75482594]]
[[2008.88582521]]
[[2333.16305277]]
[[1716.65336175]]
[[2088.48584224]]
[[1834.31337143]]
[[2287.68406447]]
[[1805.42411468]]
[[2112.53646007]]
[[2553.31196485]]
[[2183.29457499]]
[[2038.63049188]]
[[2061.11129837]]
[[2425.73134682]]
[[1898.00012078]]
[[1665.57881326]]
[[1758.09792426]]
[[2022.16030787]]
[[2086.87564278]]
[[1803.49672477]]
[[2157.52690358]]
[[2083.34161836]]
[[1809.94886827]]
[[1875.00946824]]
[[2239.67664157]]
[[2118.52824166]]
[[2346.9145198]]
[[2126.66146193]]
[[1983.77580545]]
[[2417.46302705]]
[[2333.37171082]]
[[2439.72461971]]
[[1785.95723616]]
[[2314.61369481]]
[[2018.63055033]]
[[2223.93427863]]
[[2234.27296384]]
[[1987.49760897]]
[[2196.99443795]]
[[1788.35865751]]
[[2143.21970421]]
[[1732.16601052]]
[[2172.58920896]]
[[1326.40776086]]
[[1658.58294576]]
[[2052.84365789]]
[[2032.93752053]]
[[1897.26044461]]
[[1684.21613884]]
[[2347.77465795]]
[[2084.44462908]]
[[2442.69597644]]
[[1601.98045925]]
[[1950.01670471]]
[[1644.86785798]]
[[1882.25203813]]
[[2303.91474601]]
[[1479.15231604]]
[[2263.09805386]]
[[1557.47827199]]
[[2054.9950423]]
[[2431.82964325]]
[[1540.36683168]]
[[1566.24660909]]
[[1619.73463666]]
[[2169.02816081]]
[[1796.84294499]]
[[1887.50646145]]
[[2256.71664987]]
[[2041.68238236]]
[[2041.73083563]]
[[2039.89092327]]
[[1915.51290251]]
[[2040.94289935]]
[[1764.60447646]]
[[2443.96976357]]
[[2404.07708442]]
[[1583.60957675]]
[[2264.81124367]]
[[2193.29067011]]
[[2409.04482411]]
[[2483.75604355]]
[[2199.00268105]]
[[1896.87985411]]
[[1984.71108118]]
[[1817.94596713]]
[[2070.07649501]]
[[1624.69630782]]
[[1952.71207416]]
[[2243.54097825]]
[[1994.50497924]]
[[1821.76186698]]
[[1754.1156854]]
[[2188.22962355]]
[[2335.37608376]]
[[2212.06522507]]
[[2023.514655]]
[[1855.7518785]]
[[1650.26353417]]
[[1995.68120257]]
[[2159.55700427]]
[[1940.88053601]]
[[1875.61479231]]
[[1958.34546313]]
[[2039.82675572]]
[[2119.01632796]]
[[2307.07556129]]
[[2090.40989944]]
[[1705.70949058]]
[[2291.28138279]]
[[1892.9472136]]
[[2132.38468883]]
[[1333.64259799]]
[[2392.07760619]]
[[1873.73860829]]
[[1976.79386458]]
[[1785.89040933]]
[[2207.5494908]]
[[1659.86430035]]
[[1880.34388251]]
[[2031.31251046]]
[[2307.56159072]]
[[1757.45125353]]
[[1635.3344192]]
[[1761.96222612]]
[[2393.64503111]]
[[2346.44384052]]
[[2167.08474651]]
[[2304.81440094]]
[[1822.74883161]]
[[1824.93121594]]
[[2311.26851552]]
[[1921.28827155]]
[[2350.03364173]]
[[1729.20554602]]
[[2028.68134842]]
[[1974.14681032]]
[[1566.29090791]]
[[1832.88907316]]
[[2465.09347223]]
[[1982.40498157]]
[[1789.09495669]]
[[2368.39874765]]
[[2107.76921546]]
[[1975.13547196]]
[[1763.83490492]]
[[1749.03926236]]
[[2049.75309732]]
[[2063.59503101]]
[[2108.25246876]]
[[2169.92465214]]
[[1954.06370806]]
[[2080.11242785]]
[[1740.57797843]]
[[1963.32669648]]
[[1808.24653239]]
[[1930.57555828]]
[[2132.33083321]]
[[2163.26604906]]
[[1829.01087142]]
[[1843.26448795]]
[[2191.94795604]]
[[1992.71654235]]
[[1745.10823571]]
[[1647.37147958]]
[[2429.12815578]]
[[2126.4180387]]
[[2068.98971458]]
[[1775.58934423]]
[[1828.10372861]]
[[1858.46155575]]
[[2259.69463957]]
[[1486.27242089]]
[[1615.76863361]]
[[2164.3035635]]
[[2660.11024449]]
[[1782.38050087]]
[[1937.01629434]]
[[2180.36370495]]
[[1876.43414336]]
[[1890.02073888]]
[[2405.55414996]]
[[2349.28397698]]
[[2138.92744885]]
[[2418.63625713]]
[[1319.47022733]]
[[1898.00328276]]
[[2155.4269875]]
[[1399.15227573]]
[[2257.54458561]]
[[1767.19817908]]
[[1969.57262947]]
[[2025.10837018]]
[[2534.53477678]]
[[2321.64875467]]
[[1813.33443537]]
[[1590.99054334]]
[[2284.72341624]]
[[2350.42679148]]
[[1935.98469287]]
[[1587.36990884]]
[[2201.06325568]]
[[2378.09938889]]
[[1638.44452718]]
[[2179.95872478]]
[[2166.26393711]]
[[1973.86836023]]
[[1654.72124907]]
[[2338.45853816]]
[[2040.50336133]]
[[2189.71636066]]
[[1940.28835499]]
[[1817.82541129]]
[[2025.05632549]]
[[2447.0757024]]
[[2120.09101926]]
[[2383.09197546]]
[[1570.3476233]]
[[2128.47971499]]
[[2345.67416372]]
[[1818.26365671]]
[[2021.12745027]]
[[1738.29235832]]
[[2032.12183621]]
[[2347.54879242]]
[[1583.10402606]]
[[1731.58547851]]
[[2092.30767323]]
[[1931.73639326]]
[[2184.41337928]]
[[2926.82134139]]
[[2517.09756736]]
[[2081.82633829]]
[[1654.23338209]]
[[2513.6291836]]
[[1940.09239408]]
[[1937.00984964]]
[[2004.21321504]]
[[1935.05093523]]
[[1497.2719545]]
[[2033.30265445]]
[[2119.69230782]]
[[2116.69736771]]
[[1697.79938328]]
[[2089.70169338]]
[[2150.79615829]]
[[2076.5812653]]
[[1313.82901307]]
[[1770.81138073]]
[[1902.40495622]]
[[2309.46825609]]
[[2116.45591885]]
[[1553.20368576]]
[[2278.85539209]]
[[1815.48274262]]
[[1961.9254714]]
[[1753.15271067]]
[[1964.41000927]]
[[1835.33930161]]
[[1806.92163163]]
[[1738.80138775]]
[[1948.16164514]]
[[2343.11912642]]
[[2070.48449309]]
[[2297.12687876]]
[[1855.92544273]]
[[2211.46248959]]
[[1879.59153693]]
[[2450.39784869]]
[[1647.91561576]]
[[1931.93610656]]
[[2526.42616668]]
[[2094.46129279]]
[[2110.01051916]]
[[2277.78652005]]
[[1514.86565183]]
[[2260.58864514]]
[[1834.03256139]]
[[2282.60154621]]
[[2611.01382337]]
[[1967.15935453]]
[[1889.70452103]]
[[1977.18463785]]
[[1532.51145558]]
[[1315.88338807]]
[[2035.88094211]]
[[2272.58921952]]
[[2011.25176793]]
[[1475.48840212]]
[[2056.17198822]]
[[1791.8132752]]
[[2373.10483739]]
[[2046.22342726]]
[[2101.73186805]]
[[2028.91094531]]
[[1781.76248405]]
[[1997.03612791]]
[[962.57631292]]
[[1970.26774847]]
[[2412.63191078]]
[[1947.34425022]]
[[1912.56195809]]
[[1728.47563655]]
[[2098.61056878]]
[[1755.38542495]]
[[2033.5789866]]
[[1946.63199508]]
[[1675.50023191]]
[[1912.18022324]]
[[1778.96917961]]
[[1843.49130812]]
[[1283.14636354]]
[[1668.15981524]]
[[2426.38227868]]
[[2232.81876839]]
[[1958.24082435]]
[[2053.0630769]]
[[1599.98699097]]
[[2283.60714328]]
[[1960.69735556]]
[[1802.66754034]]
[[1901.77445672]]
[[2135.88470507]]
[[2188.46566671]]
[[1871.50139394]]
[[1999.64991857]]
[[1470.81629449]]
[[1418.83606572]]
[[2308.18736405]]
[[1975.75060202]]
[[1767.01901165]]
[[2368.46152627]]
[[2128.5560773]]
[[2450.6635834]]
[[2002.14930994]]
[[2814.57196105]]
[[1829.1481177]]
[[1639.78255534]]
[[1900.79238006]]
[[2388.92979277]]
[[1728.76586475]]
[[1898.798484]]
[[1414.54602096]]
[[1858.15021641]]
[[1553.90504342]]
[[2267.29226618]]
[[2230.82113288]]
[[2477.34164961]]
[[2009.02458815]]
[[1923.82674987]]
[[2071.84909795]]
[[2007.97914249]]
[[2261.85053834]]
[[2012.8826922]]
[[2092.4699091]]
[[2360.7209538]]
[[2098.18147843]]
[[2186.45881909]]
[[2050.69592508]]
[[1679.89361414]]
[[2134.24966098]]
[[2045.11647397]]
[[2426.31535546]]
[[2001.1919992]]
[[2055.91373138]]
[[2174.32736538]]
[[1605.63689892]]
[[2188.11253142]]
[[2179.386441]]
[[1939.07847433]]
[[2150.8868375]]
[[2167.7337956]]
[[2102.18292321]]
[[2096.43775484]]
[[1966.12063169]]
[[2225.85664527]]
[[2154.51167344]]
[[2405.49967226]]
[[2445.4955323]]
[[2110.32607987]]
[[2267.75950656]]
[[2274.53756133]]
[[2134.36698526]]
[[1794.34331398]]
[[1774.31430526]]
[[2332.13431707]]
[[2105.53456947]]
[[2367.01859118]]
[[1984.07142026]]
[[1210.24019828]]
[[1773.6411515]]
[[1667.28531349]]
[[1650.70844163]]
[[2091.77739684]]
[[2080.89162299]]
[[2003.60553501]]
[[2094.85352299]]
[[2225.36986902]]
[[1913.69287545]]
[[2309.37909943]]
[[1219.96052373]]
[[2308.51555903]]
[[2129.85402103]]
[[1960.96202542]]
[[2102.36045119]]
[[1995.74787566]]
[[2154.34390729]]
[[1908.89239542]]
[[2025.81662336]]
[[2136.80299843]]
[[2074.93044574]]
[[2270.32004185]]
[[2216.78540147]]
[[2106.15418135]]
[[1921.46684984]]
[[1566.73190383]]
[[2095.48436301]]
[[1909.19417298]]
[[1873.85144587]]
[[1991.64917085]]
[[1617.26125366]]
[[1893.01231989]]
[[1496.94663955]]
[[1976.54951485]]
[[1621.1059666]]
[[2385.50404758]]
[[1580.51200858]]
[[2103.75320738]]
[[2055.53281033]]
[[1931.2527274]]
[[1961.87563782]]
[[1550.91172627]]
[[2176.30886917]]
[[1742.37303526]]
[[2123.9917158]]
[[1957.39849145]]
[[1542.34874925]]
[[2001.46668084]]
[[1380.10369668]]
[[1647.24611609]]
[[2116.27862656]]
[[2326.35705412]]
[[1323.86540266]]
[[1710.67992117]]
[[1679.8894615]]
[[2143.24689957]]
[[2341.49038954]]
[[2314.90604143]]
[[1831.27890556]]
[[2561.49962155]]
[[2011.72496796]]
[[2088.75169198]]
[[1507.34010701]]
[[2163.50861861]]
[[2028.18792133]]
[[2237.92765747]]
[[1706.48669908]]
[[1997.59453172]]
[[1968.09735655]]
[[2073.845952]]
[[1667.25433571]]
[[2290.71995342]]
[[2428.85493435]]
[[1937.45599608]]
[[2287.87050585]]
[[1940.65656175]]
[[1326.40920561]]
[[1643.02145469]]
[[1862.47544884]]
[[2407.66287742]]
[[2172.46849872]]
[[2016.14692115]]
[[1626.532009]]
[[1548.14042191]]
[[1830.62978368]]
[[1614.3996108]]
[[1559.25480911]]
[[2208.98577339]]
[[2356.76023642]]
[[1967.75641846]]
[[2332.92744903]]
[[2025.70742559]]
[[1667.91666669]]
[[2185.2900882]]
[[2099.76574149]]
[[2130.47279168]]
[[2142.51219276]]
[[1756.33573242]]
[[2175.39143293]]
[[1818.22539315]]
[[1982.98330864]]
[[2212.72572337]]
[[2111.56010287]]
[[2070.95254668]]
[[2059.2817483]]
[[2318.22542304]]
[[1670.19024938]]
[[1669.63590852]]
[[2348.73452938]]
[[1655.66786426]]
[[2180.56459263]]
[[2064.6149768]]
[[1780.03671647]]
[[2040.08321783]]
[[2359.10193396]]
[[2042.17330438]]
[[1944.50589738]]
[[2329.60908035]]
[[2262.41176214]]
[[1893.53190132]]
[[1541.31870368]]
[[1654.96007231]]
[[1793.33057091]]
[[2052.62236905]]
[[2044.08365645]]
[[2664.43219753]]
[[2132.01916802]]
[[2182.19908096]]
[[1257.13231783]]
[[2166.32479678]]
[[2301.72128656]]
[[2431.24218937]]
[[2184.13360276]]
[[2052.59267283]]
[[1758.96739521]]
[[1723.24330128]]
[[1909.92283686]]
[[1737.58666985]]
[[1866.50140206]]
[[2122.9538187]]
[[1889.05746171]]
[[1458.97675479]]
[[2093.41490281]]
[[1999.10303594]]
[[1676.39008292]]
[[1751.20406028]]
[[2476.64837549]]
[[1916.69542442]]
[[2308.85802096]]
[[1801.97266554]]
[[1967.90703019]]
[[1548.80352519]]
[[1797.85354132]]
[[2224.82445771]]
[[2232.95600636]]
[[2276.73469206]]
[[1935.11478739]]
[[1513.06528546]]
[[1954.89355068]]
[[1756.80267657]]
[[1930.79595815]]
[[1588.54604606]]
[[1781.53410431]]
[[2120.74865086]]
[[2336.71317147]]
[[2003.89520613]]
[[1980.73312516]]
[[1894.77752048]]
[[2250.43903735]]
[[1846.07744854]]
[[2753.3664718]]
[[1111.89171675]]
[[2076.96232786]]
[[2108.43065697]]
[[1895.13804607]]
[[1609.8906451]]
[[1947.83330801]]
[[1947.45618453]]
[[1714.25078618]]
[[2049.41437438]]
[[1405.75927153]]
[[2047.34656516]]
[[2185.06420952]]
[[2210.73276077]]
[[2068.22659973]]
[[1856.75780565]]
[[2622.65345784]]
[[2468.26027309]]
[[2410.00424499]]
[[2225.19516264]]
[[1805.53316851]]
[[1977.9342845]]
[[2274.18588716]]
[[2193.51340095]]
[[2334.77714724]]
[[1924.95003486]]
[[2323.84209544]]
[[1947.07599699]]
[[2033.65722493]]
[[2125.48097991]]
[[1814.42450716]]
[[2209.96872022]]
[[1903.56515819]]
[[1765.13919114]]
[[2154.71048363]]
[[2017.75835671]]
[[1866.97782679]]
[[2462.1331916]]
[[2097.28054486]]
[[1882.7151362]]
[[1959.97816821]]
[[2038.68263452]]
[[1993.14796481]]
[[1719.37776466]]
[[1806.39106841]]
[[1352.61635902]]
[[1953.3135841]]
[[2080.05017017]]
[[1775.99074553]]
[[1507.78207813]]
[[1823.06929883]]
[[1756.09670133]]
[[2271.19098433]]
[[2014.98404351]]
[[1963.47378534]]
[[2026.67289254]]
[[1468.55530748]]
[[2000.58123832]]
[[2018.4548237]]
[[2322.93810855]]
[[1838.79218383]]
[[1825.12380197]]
[[2129.13612549]]
[[2034.99747004]]
[[1546.10491627]]
[[1924.58333514]]
[[1906.88848795]]
[[2158.74194569]]
[[1792.38662232]]
[[1786.32678901]]
[[1614.6189152]]
[[1766.7270835]]
[[1806.2938029]]
[[2004.01153017]]
[[2181.28518162]]
[[2315.70322479]]
[[1592.19383357]]
[[1756.77379554]]
[[1975.79893303]]
[[2301.03574067]]
[[1777.60150429]]
[[1699.26325426]]
[[2081.4631929]]
[[1919.87406142]]
[[2162.85151632]]
[[2052.73560551]]
[[1328.67658038]]
[[1733.41334007]]
[[2195.21096027]]
[[1858.99419168]]
[[2117.56298659]]
[[1483.23626381]]
[[1966.07773917]]
[[1552.28863128]]
[[2044.75384811]]
[[2206.1951736]]
[[1987.00920749]]
[[1774.20666876]]
[[1777.80325266]]
[[2207.59261521]]
[[1740.29589691]]
[[1892.91465788]]
[[1726.28706298]]
[[2186.63979223]]
[[2513.42961145]]
[[1928.93436157]]
[[1914.41575696]]
[[1692.17764126]]
[[1901.20011733]]
[[2371.77121089]]
[[1829.07292708]]
[[1893.99800908]]
[[1827.22336741]]
[[2171.13823697]]
[[2135.25964401]]
[[1219.17689494]]
[[2192.91799829]]
[[1633.64534286]]
[[2027.28359168]]
[[1785.5330034]]
[[2164.86088668]]
[[1654.12887002]]
[[2271.38539493]]
[[2295.27754635]]
[[2026.7817987]]
[[1506.17859877]]
[[2310.05710587]]
[[1947.64510533]]
[[2321.35598191]]
[[1983.16566665]]
[[1537.61892395]]
[[2348.81570247]]
[[2372.22668367]]
[[1917.84603529]]
[[1961.31001518]]
[[2105.61550478]]
[[2029.17596264]]
[[2283.47584452]]
[[1711.35566304]]
[[2432.93479413]]
[[2068.4083448]]
[[2152.12999936]]
[[2142.49361836]]
[[1474.19793877]]
[[2097.44375465]]
[[1961.57811172]]
[[2279.10001592]]
[[1801.52816772]]
[[1949.73590239]]
[[1984.6949521]]
[[2111.15919167]]
[[2180.98986822]]
[[2181.19934922]]
[[1639.66702744]]
[[2012.96111075]]
[[2129.52321502]]
[[2446.5923434]]
[[1788.62038018]]
[[2089.29890954]]
[[2052.74762222]]
[[2333.46278096]]
[[1816.23832765]]
[[1893.33614892]]
[[2590.19494754]]
[[1997.27556747]]
[[2146.00097053]]
[[1614.12809431]]
[[2485.27767537]]
[[1773.15465604]]
[[1892.21678316]]
[[1561.55137558]]
[[1833.85559568]]
[[1661.61750183]]
[[2042.51771392]]
[[1716.02892565]]
[[2303.63337869]]
[[1755.80683389]]
[[2371.81065179]]
[[2472.01238434]]
[[2142.58780457]]
[[1937.6001276]]
[[1888.49841467]]
[[1724.55874137]]
[[1815.36998268]]
[[2083.83572035]]
[[2316.07675755]]
[[1860.38535011]]
[[1731.89519149]]
[[1756.24971385]]
[[2322.38456089]]
[[1933.07902274]]
[[2105.20071294]]
[[2069.17892467]]
[[1988.18361513]]
[[2092.57137569]]
[[2189.76976108]]
[[1886.63312758]]
[[2044.76024619]]
[[1669.08006237]]
[[2270.56549455]]
[[2231.30602331]]
[[2297.72404379]]
[[2305.99499329]]
[[1570.68028791]]
[[2241.33238407]]
[[2000.42204254]]
[[2252.83262296]]
[[1565.70943298]]
[[2165.81363096]]
[[1651.71896645]]
[[2259.4569871]]
[[2119.78876973]]
[[2126.74529472]]
[[2221.80882238]]
[[1826.15310408]]
[[2069.81366606]]
[[1770.23092362]]
[[1826.32005638]]
[[2125.8411891]]
[[1637.6608439]]
[[1996.68946056]]
[[2326.77256205]]
[[1798.76573197]]
[[2197.0933605]]
[[2029.12595345]]
[[2364.04918194]]
[[1956.24398267]]
[[1935.05232937]]
[[2076.56533375]]
[[1738.87601621]]
[[2503.59261911]]
[[1908.48184753]]
[[2042.56632836]]
[[2058.51085684]]
[[1856.31406419]]
[[2499.6339597]]
[[2099.02454766]]
[[2126.92993152]]
[[2358.83021656]]
[[1806.45256378]]
[[2246.90375607]]
[[1782.11007069]]
[[1995.68177139]]
[[1862.81202978]]
[[1637.47949891]]
[[2222.75445832]]
[[1980.56634431]]
[[1944.25649718]]
[[2038.40585408]]
[[1957.97407419]]
[[2455.11491295]]
[[1891.20852077]]
[[2208.89324174]]
[[1957.75009499]]
[[1838.40152605]]
[[2284.81389219]]
[[1782.57919461]]
[[2001.81148014]]
[[1617.22319675]]
[[1916.10068696]]
[[2003.3996375]]
[[1966.42747989]]
[[1929.07906999]]
[[2190.97912133]]
[[1929.53338622]]
[[2147.38274172]]
[[2310.24178866]]
[[1928.82424979]]
[[1830.04272795]]
[[1990.74391221]]
[[1679.77520816]]
[[1768.44786399]]
[[1741.79877914]]
[[2139.10787972]]
[[1552.99484598]]
[[2134.06325916]]
[[2277.91285545]]
[[2121.26919415]]
[[2506.79710481]]
[[1704.0177852]]
[[2070.62051741]]
[[1712.42695711]]
[[1774.87595585]]
[[2254.31321958]]
[[2343.83786887]]
[[1990.27511876]]
[[1757.69588599]]
[[1936.70465031]]
[[2362.20418111]]
[[1737.68302361]]
[[2184.51486559]]
[[1762.4156142]]
[[2173.85213238]]
[[2493.40629562]]
[[1324.56968142]]
[[1772.43938321]]
[[1909.52196144]]
[[1625.84191471]]
[[1679.86541146]]
[[2334.44347018]]
[[2296.02577628]]
[[1180.0544053]]
[[2341.00915262]]
[[1883.99596213]]
[[1959.11643246]]
[[2198.9510655]]
[[2172.28963103]]
[[2165.23274965]]
[[1916.86501771]]
[[2190.51871895]]
[[1740.07474676]]
[[1508.44033743]]
[[2173.54548631]]
[[1976.45120451]]
[[2021.73844273]]
[[2152.87172639]]
[[2063.92546764]]
[[2403.83994779]]
[[2197.31355678]]
[[1785.56187925]]
[[2155.94155084]]
[[2088.41561347]]
[[1692.9634088]]
[[1726.20040994]]
[[2094.14181695]]
[[1954.74245059]]
[[1753.78960074]]
[[1811.76142133]]
[[2129.32950793]]
[[2036.02088262]]
[[2218.6409945]]
[[2257.75253425]]
[[2140.56966804]]
[[1895.22377706]]
[[1917.91919647]]
[[2171.07877578]]
[[1707.45938136]]
[[1750.16030721]]
[[1793.12019827]]
[[2011.44950761]]
[[2012.71048912]]
[[1712.49430503]]
[[1904.43007516]]
[[2167.6469476]]
[[1783.26388488]]
[[2147.80605618]]
[[2197.90420379]]
[[1852.16309122]]
[[2724.03236951]]
[[1532.81446017]]
[[2084.92933167]]
[[2688.6248647]]
[[1870.62850208]]
[[1922.36860454]]
[[2433.44992161]]
[[1744.48124021]]
[[1542.98091156]]
[[2636.52311053]]
[[2060.5611019]]
[[1769.03867403]]
[[2557.08507928]]
[[1732.75520504]]
[[2269.88757178]]
[[1603.24233533]]
[[1813.57781639]]
[[2037.32315603]]
[[2133.53316907]]
[[2250.85597567]]
[[2109.00591348]]
[[2275.02414537]]
[[2285.14962999]]
[[1801.54493211]]
[[2208.15378689]]
[[2035.62823362]]
[[1920.42823034]]
[[2078.87188571]]
[[2035.14778756]]
[[2141.00791568]]
[[1981.19939492]]
[[1935.49360555]]
[[2293.36474496]]
[[2342.97786006]]
[[2086.25260487]]
[[2029.22416771]]
[[1874.64840066]]
[[1913.59391345]]
[[1567.85812832]]
[[2241.85809866]]
[[2207.81722492]]
[[2014.99781914]]
[[2110.26098565]]
[[2085.86539438]]
[[1722.04149449]]
[[2132.7888306]]
[[1615.51887198]]
[[1975.79042166]]
[[2070.67970452]]
[[2392.45079101]]
[[2091.71086111]]
[[2357.71441338]]
[[1831.44715955]]
[[1979.54495813]]
[[2182.04065702]]
[[2057.57434383]]
[[1838.2461065]]
[[2096.32925603]]
[[1816.65870972]]
[[2364.20796679]]
[[2114.03569834]]
[[1680.17574256]]
[[2543.33016868]]
[[1941.46581094]]
[[1947.30107413]]
[[2088.55923617]]
[[1832.62279737]]
[[2319.79281122]]
[[2143.95702172]]
[[1777.91259202]]
[[2057.75851511]]
[[1867.53993371]]
[[2455.52576583]]
[[2053.16214479]]
[[2186.78047277]]
[[1632.19058092]]
[[1708.61850242]]
[[2162.16661694]]
[[1874.40107521]]
[[2104.18250507]]
[[2199.31399027]]
[[1877.96268857]]
[[1499.42008448]]
[[2028.98791103]]
[[2080.20864839]]
[[1654.16666356]]
[[2263.65978761]]
[[1769.73543786]]
[[2259.59028077]]
[[1985.73445287]]
[[1725.06155763]]
[[2060.19738156]]
[[2069.7773729]]
[[2259.14705958]]
[[2210.37726672]]
[[2040.30925804]]
[[2048.15053095]]
[[2236.04544656]]
[[1542.44959045]]
[[2428.74836878]]
[[1795.3902646]]
[[2356.9081134]]
[[2031.40491651]]
[[2155.34492312]]
[[1794.27548495]]
[[2073.93751542]]
[[2232.88275808]]
[[2153.67538583]]
[[2136.41655247]]
[[2075.12761141]]
[[1798.89548484]]
[[2265.54176069]]
[[2638.29587076]]
[[1606.21074836]]
[[2016.99309809]]
[[2411.12861813]]
[[1982.19818113]]
[[2100.60311813]]
[[1832.73158355]]
[[2222.14771023]]
[[2075.42963695]]
[[2037.15015728]]
[[1659.277527]]
[[1943.78321165]]
[[2103.03994964]]
[[2111.6165362]]
[[1899.3103506]]
[[1916.71130852]]
[[1816.59912569]]
[[2335.63409965]]
[[1846.42432328]]
[[1754.92788273]]
[[1923.45907292]]
[[1912.28409717]]
[[2043.97112969]]
[[2100.77797343]]
[[2307.93035339]]
[[2187.12915346]]
[[1541.71738589]]
[[1469.75810145]]
[[1905.53458751]]
[[2213.63261516]]
[[1738.60745427]]
[[2207.20097183]]
[[2071.5329441]]
[[2275.10541338]]
[[1826.45745504]]
[[1892.56369498]]
[[1968.18137803]]
[[2012.02167675]]
[[1856.99432908]]
[[2016.80386239]]
[[1961.07507328]]
[[1987.3882656]]
[[2274.25498359]]
[[1975.37008613]]
[[1751.70744131]]
[[1611.99297676]]
[[1900.41107976]]
[[1801.55194218]]
[[2312.11928209]]
[[2114.11343658]]
[[1918.54742783]]
[[2238.07561736]]
[[1555.75290305]]
[[1709.0258902]]
[[1927.71379954]]
[[1954.06668542]]
[[2035.51019088]]
[[1737.27727504]]
[[1567.96371904]]
[[2137.40582778]]
[[1884.02668934]]
[[1573.05050078]]
[[2226.71979385]]
[[2061.33748724]]
[[1837.03568665]]
[[2342.5439466]]
[[2355.93023018]]
[[1967.81104704]]
[[1816.93671325]]
[[1983.18979272]]
[[2602.68135755]]
[[1801.90555215]]
[[1819.85995745]]
[[2053.53501729]]
[[1753.82907664]]
[[1849.8187359]]
[[2031.24117416]]
[[2009.02898883]]
[[2183.95845578]]
[[2248.61950926]]
[[2087.4665949]]
[[2170.39267028]]
[[2580.87560491]]
[[2070.19275157]]
[[1829.98710589]]
[[1926.57223279]]
[[2319.11472075]]
[[2379.0227821]]
[[1908.00030781]]
[[2088.48827611]]
[[2214.71943312]]
[[1957.90532974]]
[[2431.46814897]]
[[2157.2878592]]
[[1912.56887625]]
[[1577.50985789]]
[[2053.3793165]]
[[2131.21258936]]
[[2405.03543714]]
[[1831.30791013]]
[[2065.19648812]]
[[1583.90130896]]
[[2088.24406924]]
[[2077.75303932]]
[[2511.52832568]]
[[1710.51155885]]
[[1496.50188957]]
[[1779.61163007]]
[[1824.37067595]]
[[1676.85469008]]
[[2397.07151411]]
[[2906.68330515]]
[[1945.82141091]]
[[2083.29767141]]
[[2085.70055434]]
[[2184.53087906]]
[[1848.85756603]]
[[1964.8366909]]
[[1953.92481722]]
[[2201.51472913]]
[[1733.88640203]]
[[2167.65502794]]
[[2521.07558115]]
[[1924.95444123]]
[[2187.81048423]]
[[2211.64651582]]
[[2254.8359153]]
[[1746.68612237]]
[[2238.24575155]]
[[1911.15474542]]
[[1811.32419365]]
[[1667.97746363]]
[[2021.28967187]]
[[2261.65834703]]
[[2009.00481641]]
[[1528.46255177]]
[[1930.7146393]]
[[1554.98482268]]
[[1611.47476314]]
[[2012.93052134]]
[[2173.14863064]]
[[1931.81874245]]
[[2363.61728016]]
[[2199.63709965]]
[[1975.21811196]]
[[1787.41304817]]
[[2139.08367651]]
[[1954.29621068]]
[[1475.65173831]]
[[1774.47076112]]
[[1578.05737661]]
[[2516.50134023]]
[[2099.46314007]]
[[1553.17654705]]
[[2125.87668068]]
[[2271.65132916]]
[[2099.67718255]]
[[2205.18316798]]
[[2488.94849823]]
[[1875.31398648]]
[[2118.15343296]]
[[2075.18151139]]
[[2228.8381124]]
[[1889.34903799]]
[[1979.36235032]]
[[1817.35974609]]
[[2252.68157424]]
[[2201.30188735]]
[[1617.01033722]]
[[2094.30275028]]
[[1841.32577185]]
[[1884.91948998]]
[[2026.49573293]]
[[1982.38201856]]
[[2152.4770805]]
[[1816.35667063]]
[[2060.74627836]]
[[2387.1754452]]
[[1960.88313833]]
[[2195.51697628]]
[[1948.03411403]]
[[1998.50907136]]
[[1563.2632737]]
[[2345.11342993]]
[[2554.25706834]]
[[2353.4863793]]
[[2217.71720577]]
[[1584.95551665]]
[[1734.29050056]]
[[2443.98194605]]
[[1949.20978513]]
[[2222.02289008]]
[[2072.39775346]]
[[2243.91271555]]
[[1716.1241974]]
[[2568.97949489]]
[[1839.57666785]]
[[2438.04746282]]
[[2088.75276316]]
[[1281.43014778]]
[[2292.704]]
[[2028.13910541]]
[[1885.85056475]]
[[2094.76956288]]
[[2019.62436544]]
[[1635.06430329]]
[[1177.1162091]]
[[2078.47628502]]
[[1723.66369684]]
[[2221.61270697]]
[[2421.85792727]]
[[1572.94858356]]
[[1999.4572527]]
[[2106.85335488]]
[[2227.86942533]]
[[2082.02321437]]
[[2180.17940146]]
[[1834.71764532]]
[[2351.18252625]]
[[1677.91275462]]
[[2371.02554874]]
[[2152.65774152]]
[[2539.29009131]]
[[2019.76680915]]
[[2134.77815198]]
[[2154.45616535]]
[[1962.435809]]
[[1942.74846342]]
[[2081.26818258]]
[[1987.27413893]]
[[2516.28688178]]
[[1950.095633]]
[[2047.90160867]]
[[1567.07029307]]
[[2068.3417825]]
[[2661.06431257]]
[[2267.51138448]]
[[2298.28856942]]
[[1992.76396956]]
[[1883.17425869]]
[[1681.79418855]]
[[1924.88460091]]
[[2512.15299911]]
[[2229.86477304]]
[[1743.51392467]]
[[2172.85256331]]
[[2032.94281958]]
[[2253.84145175]]
[[2465.13714573]]
[[2036.29014783]]
[[1878.47558507]]
[[1880.90975512]]
[[1640.4641269]]
[[1833.89167863]]
[[2126.55832401]]
[[2037.52463283]]
[[2177.39939048]]
[[2074.00156912]]
[[2167.71914904]]
[[1669.31933743]]
[[1689.7150452]]
[[1515.01497952]]
[[1904.35859672]]
[[2209.62091513]]
[[2067.66917486]]
[[2232.29804722]]
[[1803.27322381]]
[[1839.48590268]]
[[2519.32259127]]
[[2176.77628602]]
[[1791.60416288]]
[[1918.0043112]]
[[2083.92237969]]
[[2116.29337576]]
[[1808.41722564]]
[[1613.47674907]]
[[2220.04358757]]
[[2041.2376454]]
[[1989.31662189]]
[[1899.84354249]]
[[1927.87558436]]
[[1993.44074084]]
[[1935.86885612]]
[[2016.26115401]]
[[2002.06638956]]
[[2151.76171428]]
[[1862.43026849]]
[[2151.61420084]]
[[1381.43339067]]
[[1936.80390898]]
[[2307.30585035]]
[[2473.38966405]]
[[2148.27400746]]
[[1491.243372]]
[[1992.54348936]]
[[2352.38345036]]
[[2127.96735835]]
[[2070.87076314]]
[[1764.62726471]]
[[1935.67691462]]
[[2357.03732788]]
[[1639.69325617]]
[[2157.81986132]]
[[2032.23763507]]
[[2022.99190411]]
[[2158.69008404]]
[[2183.53756841]]
[[2316.44802506]]
[[2324.6183363]]
[[1846.04404551]]
[[2460.29446235]]
[[2080.8504617]]
[[2018.14405679]]
[[2097.79312726]]
[[2104.83932331]]
[[1730.34068118]]
[[2350.86685981]]
[[2318.11396633]]
[[1945.70396829]]
[[1455.18709712]]
[[2262.22961568]]
[[2178.33073524]]
[[2041.51269347]]
[[2263.81245094]]
[[2456.89264617]]
[[2182.49228296]]
[[2088.31454867]]
[[1659.67411599]]
[[2529.04077221]]
[[2416.48162727]]
[[2416.67642813]]
[[2132.42001367]]
[[1807.95781886]]
[[2188.55442053]]
[[2098.59513396]]
[[2246.3555019]]
[[2115.49887708]]
[[1820.22921354]]
[[2271.65112996]]
[[2034.47164211]]
[[2006.17980815]]
[[2496.40556389]]
[[2436.38318642]]
[[1584.05375769]]
[[1998.81631654]]
[[2276.54126466]]
[[1994.68730216]]
[[1934.55984873]]
[[1983.18342098]]
[[1852.85096555]]
[[2135.69815233]]
[[1593.41248723]]
[[2362.53924541]]
[[1698.80267996]]
[[2130.47224124]]
[[2018.25147132]]
[[2373.45085079]]
[[1817.57812547]]
[[1936.25280391]]
[[2480.0880498]]
[[2175.749792]]
[[2046.46889118]]
[[2680.44021682]]
[[1604.65994337]]
[[2081.31935898]]
[[1960.22597304]]
[[2212.8899656]]
[[1742.44047955]]
[[2205.20554274]]
[[1900.77387733]]
[[1969.84880104]]
[[2385.6890292]]
[[2025.45938282]]
[[2385.88473557]]
[[1788.26386858]]
[[2330.85568818]]
[[2089.46815758]]
[[2084.71248707]]
[[2016.2374319]]
[[2288.04617895]]
[[2165.61906917]]
[[2286.06551092]]
[[2144.34397759]]
[[2077.64653754]]
[[2468.13809742]]
[[1798.82201812]]
[[2166.63175808]]
[[2159.33164299]]
[[1890.23145486]]
[[2181.54403528]]
[[2102.64797855]]
[[2202.97439916]]
[[1972.51131991]]
[[1765.69265538]]
[[1657.0482256]]
[[2036.1289439]]
[[2023.53572611]]
[[1970.63273711]]
[[1998.63768958]]
[[2199.79452144]]
[[2444.20111396]]
[[1836.71598278]]
[[2342.35224942]]
[[1810.9309813]]
[[2210.757049]]
[[1556.34187241]]
[[2592.32658172]]
[[2025.20932518]]
[[2343.47939794]]
[[2009.24105915]]
[[2031.69961613]]
[[1926.87423593]]
[[1830.39372738]]
[[1551.93624341]]
[[1612.40000743]]
[[1678.9215252]]
[[2077.84446844]]
[[1774.44699375]]
[[1942.49055323]]
[[2136.20342204]]
[[2049.54622104]]
[[1808.54382256]]
[[1773.75112146]]
[[1718.7551184]]
[[1856.20675002]]
[[2242.75960557]]
[[1309.43571353]]
[[2281.38516161]]
[[2021.37567492]]
[[1679.73786315]]
[[2180.99119367]]
[[2073.70650048]]
[[2293.00911991]]
[[2137.98244346]]
[[1877.8322592]]
[[2537.12724521]]
[[2470.78175415]]
[[2162.63560516]]
[[1914.78978893]]
[[2140.34942476]]
[[1990.47223533]]
[[2056.75471246]]
[[2733.96798812]]
[[2073.28710653]]
[[2188.37205613]]
[[2711.05460623]]
[[1527.1337125]]
[[1581.22633817]]
[[2152.23232479]]
[[2062.54860252]]
[[2546.08469884]]
[[1894.81622034]]
[[2202.27342999]]
[[2308.64655245]]
[[1846.62232332]]
[[1965.64260439]]
[[2014.1646851]]
[[2461.42488064]]
[[2031.71068177]]
[[2604.27370954]]
[[1920.15741151]]
[[1980.92302973]]
[[1991.92515271]]
[[1970.34491005]]
[[2058.97117283]]
[[2699.20215765]]
[[2124.67330584]]
[[1738.36300415]]
[[2337.18083799]]
[[2094.90411214]]
[[2287.13723491]]
[[1957.1981375]]
[[1837.72683427]]
[[2390.81868675]]
[[2269.88092414]]
[[2363.35391611]]
[[1808.72603391]]
[[2480.86679466]]
[[1842.87609037]]
[[1873.27996225]]
[[2330.44459695]]
[[1965.82612913]]
[[1554.0905664]]
[[2216.0446801]]
[[2523.49399523]]
[[2253.79449761]]
[[2101.79907167]]
[[2241.01153143]]
[[2120.89406967]]
[[2084.01971133]]
[[1802.15545847]]
[[1613.16124988]]
[[2185.27959752]]
[[1815.11032761]]
[[1814.94113202]]
[[1788.1924866]]
[[2459.79851061]]
[[2123.81910372]]
[[2191.18032875]]
[[2269.1419173]]
[[2009.53038296]]
[[2092.73989527]]
[[2103.61784581]]
[[2251.8340168]]
[[1314.60839898]]
[[2171.93983964]]
[[2195.90462141]]
[[2201.58541283]]
[[2055.10678713]]
[[1683.07271359]]
[[1920.60210384]]
[[1880.94097643]]
[[2094.39343234]]
[[2119.03875449]]
[[1986.00954089]]
[[2090.61615077]]
[[1874.21532772]]
[[2120.82046273]]
[[2078.61753207]]
[[1713.4954817]]
[[1741.18664735]]
[[2137.17456399]]
[[1723.2495444]]
[[2007.11879829]]
[[1885.10896784]]
[[1858.06161894]]
[[2424.417827]]
[[2334.27431755]]
[[1782.18294209]]
[[1697.5100876]]
[[2224.13641347]]
[[1623.63828605]]
[[1879.32262196]]
[[1815.76817864]]
[[2249.6441911]]
[[2253.18682563]]
[[1908.47660167]]
[[2122.93374348]]
[[1848.36645968]]
[[2028.22636828]]
[[2190.84329896]]
[[1664.14937788]]
[[1903.69348596]]
[[2295.65637173]]
[[2134.43046231]]
[[1337.67150948]]
[[1658.89290936]]
[[2116.55227041]]
[[1994.89080809]]
[[1881.85972844]]
[[2430.48329498]]
[[1876.83351926]]
[[1824.24191337]]
[[1574.65010977]]
[[2068.68527695]]
[[1901.15186879]]
[[2334.5281222]]
[[1986.30522739]]
[[1835.64934667]]
[[1879.99877549]]
[[2000.21156536]]
[[1993.47210649]]
[[1339.20024482]]
[[2210.7365658]]
[[2371.52956535]]
[[1981.92360262]]
[[1786.80959263]]
[[2180.68557805]]
[[2103.08520426]]
[[2078.2349718]]
[[2540.4480886]]
[[1925.00664911]]
[[1991.76967721]]
[[2177.21851626]]
[[2333.17707813]]
[[2132.85974204]]
[[2150.3009698]]
[[1714.64069149]]
[[1878.10664924]]
[[1613.03801215]]
[[2179.41933764]]
[[1926.68436903]]
[[2242.35336091]]
[[1777.81518123]]
[[2032.01433807]]
[[1954.4588187]]
[[2472.83301042]]
[[2445.68798684]]
[[1700.6367057]]
[[2115.81018353]]
[[1872.05084192]]
[[1931.52057069]]
[[1816.86842791]]
[[1612.62980844]]
[[2047.59571529]]
[[1767.10863593]]
[[2497.98566]]
[[1706.3439813]]
[[2404.60004977]]
[[2112.88936056]]
[[2406.9619886]]
[[1312.08730495]]
[[2009.49892832]]
[[1554.89790132]]
[[2390.13600119]]
[[1533.74439562]]
[[2148.07977572]]
[[2271.1302629]]
[[1993.09381081]]
[[1480.18125411]]
[[1827.77709433]]
[[1948.91096811]]
[[2150.48886222]]
[[2461.25250885]]
[[1836.21625485]]
[[2332.24278487]]
[[2054.98409042]]
[[2006.0910693]]
[[2287.31919646]]
[[2571.17709196]]
[[2123.17522384]]
[[2313.43190014]]
[[2017.03688477]]
[[2131.17303717]]
[[2070.37150907]]
[[2237.33134992]]
[[2122.80269522]]
[[1508.10948572]]
[[1930.96601131]]
[[2014.53225393]]
[[2493.25273005]]
[[2454.16088243]]
[[2287.39689384]]
[[1777.32040237]]
[[2408.69384966]]
[[2041.65265207]]
[[2259.85445069]]
[[1735.50588452]]
[[2209.93814065]]
[[2236.40017848]]
[[2376.39110043]]
[[1879.19956791]]
[[1863.41424529]]
[[2380.4043227]]
[[1823.10479781]]
[[1935.28221063]]
[[2105.16375868]]
[[2207.12043631]]
[[2270.94371793]]
[[2431.66286066]]
[[1549.96527096]]
[[1509.20986794]]
[[1804.18791295]]
[[2738.09031522]]
[[1860.4980291]]
[[1610.63623497]]
[[2135.16041026]]
[[1863.45826939]]
[[1831.18232418]]
[[2160.60440574]]
[[2181.36413672]]
[[2193.20417115]]
[[1713.15969954]]
[[2390.60288419]]
[[1822.78502168]]
[[2237.04661177]]
[[1844.83338808]]
[[1530.35249876]]
[[1976.50716359]]
[[2777.79124605]]
[[2310.56643455]]
[[2120.68700065]]
[[1093.22451603]]
[[1923.65688483]]
[[2035.51313075]]
[[2424.58639712]]
[[1697.92301793]]
[[2298.72173743]]
[[1869.25968164]]
[[1846.4200585]]
[[2184.77670745]]
[[1699.73349604]]
[[2402.94879391]]
[[1953.4478491]]
[[2210.20028262]]
[[2356.89976438]]
[[2451.12572288]]
[[1888.35006514]]
[[2587.10908196]]
[[2076.81446273]]
[[2283.83139461]]
[[1824.15243403]]
[[1409.55306744]]
[[1549.90271484]]
[[1881.76037364]]
[[1886.03564794]]
[[2124.49715444]]
[[1914.46636807]]
[[2102.78805949]]
[[1954.86925618]]
[[2292.09451866]]
[[2688.99408499]]
[[1817.16394736]]
[[2027.82425651]]
[[1726.96134826]]
[[1888.39150582]]
[[1671.11660251]]
[[2341.7067003]]
[[1667.6764062]]
[[2162.39735437]]
[[2190.54287132]]
[[1746.26714321]]
[[2014.7716121]]
[[1724.2172038]]
[[2043.61534807]]
[[2199.45128589]]
[[1727.7399041]]
[[2069.8582143]]
[[1492.28970327]]
[[1902.03884478]]
[[1633.49997654]]
[[1703.80749783]]
[[2120.74586892]]
[[2220.50865494]]
[[1697.92573]]
[[1911.86543069]]
[[2080.92331939]]
[[1929.28957749]]
[[2366.74481098]]
[[2110.12103987]]
[[2151.07392598]]
[[1983.32440066]]
[[1923.19346615]]
[[2057.17108427]]
[[2170.54223842]]
[[1577.2501269]]
[[1720.4912554]]
[[2208.3041554]]
[[2034.15706048]]
[[1820.90156533]]
[[2060.64534674]]
[[2514.96452497]]
[[2181.10576687]]
[[1994.56949982]]
[[1837.45922693]]
[[1702.18567802]]
[[2145.36725058]]
[[1672.42556634]]
[[1702.75300691]]
[[1595.75535029]]
[[2029.44753135]]
[[2640.25072011]]
[[2473.87281772]]
[[2066.07202543]]
[[2032.92073632]]
[[2125.77417721]]
[[1784.40728024]]
[[2200.1803749]]
[[1557.0610263]]
[[2191.21104121]]
[[2229.83246562]]
[[2043.28935143]]
[[2240.72526857]]
[[2223.87844164]]
[[2110.87870637]]
[[2266.28537797]]
[[1716.05092428]]
[[1290.6072502]]
[[1967.83013151]]
[[1843.09990817]]
[[2218.40396122]]
[[1999.3582093]]
[[2048.62049942]]
[[1687.23639754]]
[[1841.34628485]]
[[1732.23212358]]
[[2070.73129402]]
[[1785.50604668]]
[[1711.61857495]]
[[1987.06006634]]
[[1992.03476022]]
[[1917.88432221]]
[[1954.53586914]]
[[1869.49360014]]
[[1931.02164265]]
[[1983.06768649]]
[[1775.49563844]]
[[1521.11558803]]
[[2335.1846789]]
[[1603.11617877]]
[[2062.76239622]]
[[2066.56305278]]
[[1602.43394246]]
[[1930.64152233]]
[[2146.64758698]]
[[2049.19916475]]
[[2485.15031866]]
[[2107.78439225]]
[[2186.14999287]]
[[2323.91153021]]
[[2030.72251629]]
[[2031.92648278]]
[[1969.2432953]]
[[2071.60476684]]
[[2254.05088981]]
[[2057.5877375]]
[[1719.86461159]]
